data;
param nombreTypeRessource := 4;
param nombreJob := 40;
param job duree := 1 8 2 2 3 7 4 1 5 2 6 4 7 3 8 3 9 8 10 5 11 2 12 6 13 3 14 9 15 5 16 9 17 8 18 1 19 8 20 5 21 1 22 6 23 1 24 5 25 8 26 10 27 9 28 10 29 5 30 3 31 5 32 3 33 8 34 4 35 1 36 4 37 8 38 4 39 7 40 10;
param besoinRessource : 1 2 3 4 :=
                    1   3 6 7 1
                    2   3 4 8 2
                    3   1 3 7 1
                    4   4 3 10 1
                    5   4 6 5 1
                    6   1 3 4 2
                    7   1 6 2 2
                    8   2 1 8 2
                    9   3 7 4 2
                    10   3 4 8 2
                    11   2 3 8 2
                    12   2 6 0 1
                    13   1 6 5 1
                    14   1 4 9 1
                    15   1 2 7 1
                    16   4 1 4 2
                    17   1 8 10 1
                    18   1 1 4 1
                    19   3 2 6 2
                    20   4 2 9 2
                    21   4 8 2 1
                    22   4 8 3 1
                    23   2 3 7 2
                    24   4 6 3 2
                    25   1 3 0 1
                    26   2 6 4 2
                    27   2 5 5 1
                    28   3 4 2 2
                    29   1 3 9 2
                    30   4 8 4 2
                    31   3 6 5 2
                    32   3 1 8 2
                    33   4 3 1 1
                    34   3 3 6 1
                    35   3 4 3 2
                    36   1 7 10 2
                    37   4 6 4 1
                    38   4 2 2 2
                    39   1 5 9 1
                    40   4 4 1 1;
param nombreMachine := 5;
param capaciteRessource : 1 2 3 4 :=
                    1     8 13 16 5
                    2     8 16 12 5
                    3     7 13 18 5
                    4     8 12 12 6
                    5     8 12 15 7
end;

