data;
param nombreTypeRessource := 4;
param nombreJob := 40;
param job duree := 1 8 2 9 3 1 4 9 5 5 6 8 7 5 8 8 9 8 10 7 11 9 12 6 13 4 14 8 15 8 16 1 17 3 18 1 19 9 20 8 21 4 22 7 23 8 24 10 25 5 26 1 27 9 28 4 29 1 30 8 31 2 32 7 33 6 34 6 35 3 36 7 37 10 38 7 39 2 40 8;
param besoinRessource : 1 2 3 4 :=
                    1   3 5 8 2
                    2   2 4 9 2
                    3   2 3 3 2
                    4   2 7 0 2
                    5   1 1 2 2
                    6   3 8 0 2
                    7   1 2 3 2
                    8   1 1 9 2
                    9   4 4 9 1
                    10   3 1 4 2
                    11   1 6 2 2
                    12   2 1 4 2
                    13   4 3 4 1
                    14   1 5 3 1
                    15   3 5 8 1
                    16   1 8 2 1
                    17   2 7 9 1
                    18   2 6 10 2
                    19   1 5 7 2
                    20   1 1 9 1
                    21   3 1 2 2
                    22   4 5 1 1
                    23   3 5 6 2
                    24   4 5 1 1
                    25   2 4 7 2
                    26   4 5 1 1
                    27   3 6 9 2
                    28   2 1 6 1
                    29   2 6 7 1
                    30   2 5 6 1
                    31   2 4 6 2
                    32   4 1 7 1
                    33   1 7 7 2
                    34   2 3 3 1
                    35   2 5 8 2
                    36   3 1 5 1
                    37   1 5 8 2
                    38   2 1 5 2
                    39   3 8 6 2
                    40   3 6 8 1;
param nombreMachine := 5;
param capaciteRessource : 1 2 3 4 :=
                    1     8 13 16 4
                    2     7 12 12 4
                    3     7 14 16 7
                    4     7 12 15 4
                    5     7 13 19 7
end;

