data;
param nombreTypeRessource := 4;
param nombreJob := 40;
param job duree := 1 2 2 2 3 10 4 3 5 10 6 4 7 3 8 9 9 8 10 6 11 2 12 3 13 5 14 10 15 5 16 8 17 10 18 2 19 7 20 6 21 5 22 2 23 9 24 2 25 6 26 3 27 10 28 4 29 5 30 5 31 2 32 4 33 1 34 8 35 7 36 2 37 2 38 3 39 3 40 5;
param besoinRessource : 1 2 3 4 :=
                    1   1 1 9 2
                    2   1 1 8 1
                    3   1 1 3 2
                    4   4 1 1 1
                    5   4 8 1 2
                    6   2 2 8 2
                    7   2 5 5 1
                    8   3 6 1 1
                    9   4 7 9 2
                    10   4 1 10 2
                    11   3 5 7 2
                    12   3 3 1 1
                    13   1 8 1 2
                    14   4 7 5 1
                    15   2 1 1 1
                    16   2 5 2 2
                    17   1 6 1 1
                    18   1 6 8 1
                    19   1 8 9 1
                    20   4 8 2 2
                    21   1 8 1 1
                    22   1 1 5 1
                    23   2 2 4 1
                    24   1 1 2 1
                    25   1 5 4 2
                    26   2 8 0 1
                    27   2 5 8 2
                    28   2 5 8 1
                    29   3 3 1 1
                    30   1 6 3 2
                    31   2 1 9 2
                    32   1 2 9 2
                    33   2 3 7 2
                    34   2 8 3 2
                    35   2 6 3 1
                    36   2 8 8 2
                    37   2 4 6 2
                    38   3 1 3 1
                    39   2 7 1 1
                    40   1 6 2 2;
param nombreMachine := 5;
param capaciteRessource : 1 2 3 4 :=
                    1     7 13 13 6
                    2     8 12 15 7
                    3     6 14 14 6
                    4     6 15 17 7
                    5     6 13 20 4
end;

