data;
param nombreTypeRessource := 4;
param nombreJob := 40;
param job duree := 1 2 2 3 3 8 4 7 5 10 6 10 7 5 8 4 9 6 10 4 11 7 12 6 13 5 14 3 15 8 16 2 17 6 18 10 19 9 20 4 21 6 22 7 23 6 24 3 25 1 26 8 27 6 28 4 29 8 30 2 31 1 32 9 33 6 34 3 35 8 36 6 37 7 38 9 39 5 40 6;
param besoinRessource : 1 2 3 4 :=
                    1   1 4 9 2
                    2   3 5 7 1
                    3   4 4 6 2
                    4   3 3 3 2
                    5   2 5 2 1
                    6   4 5 0 2
                    7   4 2 9 1
                    8   4 8 6 2
                    9   2 3 6 1
                    10   4 6 0 2
                    11   1 7 10 1
                    12   4 2 10 1
                    13   3 8 2 2
                    14   2 8 0 2
                    15   2 7 6 1
                    16   1 2 10 2
                    17   3 5 2 2
                    18   4 3 4 1
                    19   2 7 1 2
                    20   4 7 0 1
                    21   2 6 9 2
                    22   1 2 3 2
                    23   1 4 10 2
                    24   4 4 5 1
                    25   1 3 0 1
                    26   2 2 3 1
                    27   4 1 0 1
                    28   1 3 3 1
                    29   2 6 7 2
                    30   4 2 3 2
                    31   3 3 0 2
                    32   3 4 4 2
                    33   4 8 7 1
                    34   2 8 10 2
                    35   1 6 4 1
                    36   2 7 7 2
                    37   2 4 1 1
                    38   3 5 9 1
                    39   4 5 6 2
                    40   1 5 0 2;
param nombreMachine := 5;
param capaciteRessource : 1 2 3 4 :=
                    1     7 12 16 6
                    2     7 14 12 8
                    3     7 10 13 5
                    4     6 15 12 8
                    5     8 11 20 6
end;

