data;
param nombreTypeRessource := 4;
param nombreJob := 40;
param job duree := 1 2 2 9 3 7 4 2 5 4 6 6 7 5 8 4 9 10 10 4 11 6 12 6 13 7 14 5 15 10 16 3 17 7 18 8 19 3 20 9 21 7 22 5 23 8 24 4 25 7 26 9 27 2 28 1 29 3 30 9 31 7 32 3 33 7 34 10 35 3 36 7 37 5 38 6 39 6 40 9;
param besoinRessource : 1 2 3 4 :=
                    1   2 2 10 1
                    2   1 6 2 1
                    3   3 1 5 2
                    4   4 8 5 1
                    5   3 8 0 1
                    6   1 3 9 2
                    7   3 8 3 2
                    8   1 1 1 1
                    9   3 8 2 1
                    10   2 6 5 2
                    11   1 8 0 1
                    12   1 7 0 2
                    13   2 6 10 1
                    14   3 8 9 2
                    15   3 7 8 1
                    16   4 2 7 2
                    17   1 7 5 2
                    18   4 4 8 1
                    19   1 4 8 1
                    20   3 4 7 1
                    21   4 8 7 2
                    22   2 4 1 2
                    23   1 4 5 2
                    24   1 5 4 1
                    25   2 4 1 2
                    26   3 7 3 2
                    27   2 3 9 2
                    28   2 4 0 1
                    29   1 7 4 2
                    30   1 6 2 2
                    31   1 5 2 1
                    32   2 2 5 2
                    33   2 5 6 2
                    34   1 8 6 2
                    35   4 1 8 1
                    36   1 4 6 1
                    37   1 4 7 1
                    38   4 1 0 1
                    39   2 6 0 2
                    40   1 6 4 1;
param nombreMachine := 5;
param capaciteRessource : 1 2 3 4 :=
                    1     7 15 12 4
                    2     8 15 18 6
                    3     6 11 17 7
                    4     6 14 18 4
                    5     6 14 16 6
end;

