data;
param nombreTypeRessource := 4;
param nombreJob := 40;
param job duree := 1 4 2 10 3 7 4 10 5 5 6 1 7 10 8 10 9 1 10 9 11 8 12 10 13 3 14 6 15 3 16 3 17 7 18 9 19 8 20 9 21 9 22 5 23 7 24 4 25 1 26 6 27 7 28 9 29 2 30 2 31 5 32 3 33 1 34 8 35 10 36 8 37 2 38 8 39 6 40 6;
param besoinRessource : 1 2 3 4 :=
                    1   2 3 4 1
                    2   4 7 5 2
                    3   3 5 3 2
                    4   3 5 8 1
                    5   1 6 10 2
                    6   3 6 10 1
                    7   4 1 0 1
                    8   3 8 4 2
                    9   4 8 10 1
                    10   2 3 5 2
                    11   3 5 6 1
                    12   2 6 3 1
                    13   1 6 3 1
                    14   3 7 4 1
                    15   1 5 0 2
                    16   2 3 6 2
                    17   4 4 1 1
                    18   4 8 3 1
                    19   2 4 2 2
                    20   4 6 0 1
                    21   4 7 5 2
                    22   4 3 6 2
                    23   3 3 6 2
                    24   3 3 5 2
                    25   3 4 1 2
                    26   1 2 10 1
                    27   3 6 6 1
                    28   3 7 9 2
                    29   1 3 7 2
                    30   1 1 7 1
                    31   1 2 6 2
                    32   1 6 0 1
                    33   2 8 10 2
                    34   4 3 5 1
                    35   1 2 6 2
                    36   1 2 7 2
                    37   2 6 4 1
                    38   1 7 5 1
                    39   1 2 4 1
                    40   3 1 3 1;
param nombreMachine := 5;
param capaciteRessource : 1 2 3 4 :=
                    1     7 15 14 8
                    2     6 16 16 4
                    3     6 12 20 5
                    4     7 13 18 5
                    5     7 11 19 5
end;

