data;
param nombreTypeRessource := 4;
param nombreJob := 40;
param job duree := 1 9 2 10 3 7 4 9 5 8 6 5 7 2 8 6 9 3 10 2 11 3 12 4 13 4 14 6 15 3 16 5 17 5 18 8 19 3 20 8 21 3 22 1 23 8 24 3 25 4 26 3 27 9 28 9 29 1 30 6 31 9 32 1 33 1 34 6 35 5 36 9 37 2 38 1 39 9 40 10;
param besoinRessource : 1 2 3 4 :=
                    1   4 2 8 1
                    2   1 5 9 1
                    3   2 8 0 2
                    4   4 5 7 2
                    5   4 3 3 1
                    6   1 3 3 1
                    7   3 7 10 1
                    8   4 4 4 2
                    9   4 5 9 2
                    10   3 4 2 1
                    11   3 5 6 1
                    12   3 4 4 1
                    13   1 4 7 1
                    14   3 4 5 1
                    15   2 3 2 2
                    16   4 3 6 2
                    17   3 5 2 2
                    18   2 8 1 1
                    19   2 1 8 2
                    20   3 1 2 2
                    21   3 7 5 1
                    22   4 7 5 1
                    23   2 2 7 2
                    24   3 8 6 1
                    25   3 1 6 1
                    26   2 4 3 2
                    27   1 7 7 1
                    28   3 5 5 2
                    29   3 8 7 1
                    30   1 3 0 1
                    31   2 8 5 1
                    32   4 5 0 2
                    33   1 6 8 1
                    34   1 3 8 2
                    35   3 3 0 1
                    36   3 1 4 2
                    37   4 4 4 1
                    38   1 2 8 2
                    39   2 6 10 1
                    40   4 4 7 1;
param nombreMachine := 5;
param capaciteRessource : 1 2 3 4 :=
                    1     6 15 20 5
                    2     6 16 20 5
                    3     6 15 19 6
                    4     8 10 18 8
                    5     7 10 18 4
end;

