data;
param nombreTypeRessource := 4;
param nombreJob := 40;
param job duree := 1 7 2 6 3 1 4 9 5 6 6 6 7 4 8 6 9 1 10 10 11 8 12 6 13 4 14 5 15 6 16 1 17 4 18 10 19 6 20 9 21 3 22 5 23 7 24 4 25 5 26 2 27 8 28 3 29 7 30 7 31 5 32 5 33 5 34 9 35 9 36 3 37 8 38 2 39 3 40 4;
param besoinRessource : 1 2 3 4 :=
                    1   2 5 4 2
                    2   2 1 10 1
                    3   4 1 9 2
                    4   3 8 7 1
                    5   3 4 7 2
                    6   2 8 4 2
                    7   2 7 2 1
                    8   3 3 4 1
                    9   2 4 1 2
                    10   1 1 4 1
                    11   1 6 0 1
                    12   3 4 10 1
                    13   1 2 0 1
                    14   3 7 0 1
                    15   1 2 7 1
                    16   3 5 5 1
                    17   4 1 3 2
                    18   2 3 9 2
                    19   4 7 7 1
                    20   2 8 5 2
                    21   4 6 6 2
                    22   4 7 8 2
                    23   2 8 4 2
                    24   3 1 3 1
                    25   2 3 3 2
                    26   3 8 1 1
                    27   3 2 2 1
                    28   1 6 7 2
                    29   3 2 9 2
                    30   2 3 6 2
                    31   3 7 9 2
                    32   2 7 10 2
                    33   3 6 5 2
                    34   4 3 7 2
                    35   1 7 1 2
                    36   3 3 7 2
                    37   4 7 7 1
                    38   4 4 5 2
                    39   3 1 1 1
                    40   4 2 0 1;
param nombreMachine := 5;
param capaciteRessource : 1 2 3 4 :=
                    1     7 16 16 6
                    2     8 15 16 6
                    3     6 10 17 8
                    4     6 16 16 4
                    5     8 14 19 5
end;

