data;
param nombreTypeRessource := 4;
param nombreJob := 40;
param job duree := 1 5 2 7 3 6 4 6 5 8 6 1 7 8 8 2 9 4 10 5 11 6 12 3 13 6 14 8 15 10 16 4 17 8 18 2 19 7 20 6 21 10 22 5 23 10 24 3 25 10 26 2 27 1 28 8 29 9 30 1 31 1 32 3 33 4 34 2 35 9 36 4 37 10 38 2 39 1 40 7;
param besoinRessource : 1 2 3 4 :=
                    1   2 2 1 1
                    2   4 5 9 1
                    3   2 2 3 2
                    4   3 7 1 1
                    5   4 2 8 2
                    6   2 5 3 2
                    7   1 8 1 2
                    8   1 7 3 2
                    9   2 2 0 1
                    10   4 8 6 2
                    11   3 8 4 2
                    12   3 3 5 1
                    13   2 3 4 2
                    14   3 7 2 1
                    15   1 8 5 1
                    16   3 6 1 2
                    17   4 2 0 2
                    18   1 2 8 1
                    19   1 6 3 2
                    20   4 6 9 1
                    21   1 7 8 1
                    22   4 3 7 1
                    23   3 4 8 2
                    24   3 1 4 2
                    25   2 2 4 2
                    26   4 2 4 1
                    27   3 3 4 1
                    28   3 5 9 2
                    29   3 4 2 2
                    30   1 7 3 2
                    31   2 1 0 1
                    32   4 3 3 2
                    33   3 2 9 1
                    34   4 4 7 2
                    35   4 5 4 2
                    36   2 5 10 2
                    37   3 2 1 1
                    38   1 2 4 1
                    39   2 5 1 1
                    40   1 3 3 2;
param nombreMachine := 5;
param capaciteRessource : 1 2 3 4 :=
                    1     7 14 18 8
                    2     7 11 14 6
                    3     6 14 16 6
                    4     6 15 17 4
                    5     7 12 12 4
end;

