data;
param nombreTypeRessource := 4;
param nombreJob := 40;
param job duree := 1 10 2 6 3 2 4 6 5 8 6 6 7 7 8 8 9 4 10 2 11 6 12 1 13 5 14 9 15 5 16 9 17 9 18 4 19 4 20 5 21 9 22 5 23 9 24 4 25 8 26 6 27 5 28 4 29 10 30 10 31 9 32 9 33 9 34 9 35 8 36 7 37 7 38 2 39 9 40 7;
param besoinRessource : 1 2 3 4 :=
                    1   1 7 1 2
                    2   1 6 9 2
                    3   4 5 1 2
                    4   2 7 6 2
                    5   3 3 2 1
                    6   1 2 2 1
                    7   1 5 7 1
                    8   3 7 10 2
                    9   2 8 1 2
                    10   3 1 0 2
                    11   2 6 8 2
                    12   3 2 1 2
                    13   4 3 7 1
                    14   2 8 10 1
                    15   3 2 2 2
                    16   4 2 8 2
                    17   2 5 8 1
                    18   1 3 1 1
                    19   2 6 9 1
                    20   1 7 2 1
                    21   1 5 2 2
                    22   2 3 10 1
                    23   3 8 7 1
                    24   3 5 1 2
                    25   2 3 6 2
                    26   4 8 1 1
                    27   3 3 10 2
                    28   4 3 8 2
                    29   4 7 5 2
                    30   1 5 1 2
                    31   4 2 6 1
                    32   2 8 10 2
                    33   4 7 4 1
                    34   1 8 9 1
                    35   1 1 1 2
                    36   1 5 2 2
                    37   3 7 1 1
                    38   4 4 3 2
                    39   2 3 0 1
                    40   2 7 5 1;
param nombreMachine := 5;
param capaciteRessource : 1 2 3 4 :=
                    1     6 15 14 4
                    2     7 11 13 6
                    3     8 11 14 6
                    4     7 15 19 4
                    5     6 14 19 7
end;

