data;
param nombreTypeRessource := 4;
param nombreJob := 40;
param job duree := 1 5 2 8 3 8 4 7 5 7 6 5 7 9 8 2 9 10 10 8 11 7 12 3 13 9 14 2 15 4 16 7 17 6 18 7 19 5 20 2 21 1 22 6 23 5 24 7 25 8 26 2 27 9 28 6 29 4 30 3 31 8 32 4 33 1 34 6 35 4 36 8 37 7 38 8 39 9 40 8;
param besoinRessource : 1 2 3 4 :=
                    1   2 2 6 2
                    2   3 4 6 1
                    3   1 6 7 1
                    4   1 8 2 2
                    5   1 7 7 1
                    6   3 4 4 2
                    7   1 7 3 2
                    8   1 3 1 2
                    9   3 7 5 1
                    10   4 8 9 2
                    11   1 5 7 2
                    12   4 7 4 1
                    13   1 3 9 1
                    14   3 3 0 2
                    15   1 7 10 1
                    16   4 2 10 1
                    17   3 5 4 2
                    18   3 4 0 1
                    19   3 1 1 1
                    20   2 4 10 1
                    21   2 4 3 1
                    22   4 2 5 2
                    23   1 2 5 2
                    24   2 2 5 1
                    25   2 2 5 1
                    26   2 5 6 1
                    27   4 6 2 1
                    28   2 3 9 1
                    29   3 1 5 2
                    30   3 1 2 1
                    31   1 7 7 2
                    32   1 2 4 1
                    33   2 6 8 2
                    34   3 6 7 2
                    35   3 7 3 1
                    36   2 3 1 2
                    37   3 5 1 2
                    38   4 8 6 2
                    39   1 3 0 2
                    40   4 4 1 2;
param nombreMachine := 5;
param capaciteRessource : 1 2 3 4 :=
                    1     6 14 12 5
                    2     6 16 15 7
                    3     7 13 17 8
                    4     6 10 16 4
                    5     7 13 18 6
end;

