data;
param nombreTypeRessource := 4;
param nombreJob := 40;
param job duree := 1 9 2 9 3 6 4 3 5 1 6 5 7 9 8 4 9 2 10 6 11 6 12 2 13 9 14 7 15 7 16 1 17 7 18 6 19 1 20 1 21 3 22 6 23 2 24 4 25 5 26 4 27 9 28 6 29 3 30 10 31 3 32 10 33 3 34 1 35 1 36 9 37 6 38 2 39 5 40 4;
param besoinRessource : 1 2 3 4 :=
                    1   2 5 9 2
                    2   1 7 6 1
                    3   4 8 8 1
                    4   1 6 9 1
                    5   4 6 4 2
                    6   3 3 6 2
                    7   2 2 3 2
                    8   3 5 7 2
                    9   1 2 5 1
                    10   4 6 0 2
                    11   4 3 3 1
                    12   1 7 9 1
                    13   4 2 0 2
                    14   2 2 0 2
                    15   2 1 9 1
                    16   1 2 5 2
                    17   4 7 3 2
                    18   1 8 2 2
                    19   2 3 7 1
                    20   4 8 3 1
                    21   4 3 7 2
                    22   4 2 6 1
                    23   1 5 2 2
                    24   3 1 8 1
                    25   4 4 0 2
                    26   2 7 9 1
                    27   3 5 2 1
                    28   2 6 10 2
                    29   2 6 1 1
                    30   1 8 9 2
                    31   1 3 4 2
                    32   1 3 10 1
                    33   3 8 8 1
                    34   1 8 10 2
                    35   2 3 7 2
                    36   4 1 7 2
                    37   1 4 0 1
                    38   2 6 1 2
                    39   1 3 8 2
                    40   4 8 4 1;
param nombreMachine := 5;
param capaciteRessource : 1 2 3 4 :=
                    1     8 12 14 8
                    2     7 15 18 7
                    3     8 15 15 4
                    4     8 11 14 8
                    5     6 15 18 5
end;

