data;
param nombreTypeRessource := 4;
param nombreJob := 40;
param job duree := 1 9 2 1 3 4 4 1 5 3 6 9 7 2 8 5 9 3 10 10 11 1 12 9 13 1 14 8 15 6 16 2 17 2 18 1 19 6 20 6 21 1 22 4 23 3 24 9 25 9 26 1 27 1 28 3 29 1 30 8 31 4 32 3 33 10 34 3 35 8 36 10 37 5 38 8 39 1 40 10;
param besoinRessource : 1 2 3 4 :=
                    1   2 5 7 2
                    2   1 7 9 1
                    3   4 7 8 1
                    4   4 1 5 2
                    5   3 6 4 1
                    6   2 2 0 2
                    7   4 6 10 2
                    8   4 7 7 2
                    9   3 2 5 1
                    10   2 1 2 2
                    11   4 3 5 1
                    12   4 8 8 1
                    13   4 6 6 1
                    14   4 3 3 1
                    15   1 8 1 2
                    16   2 1 7 1
                    17   3 3 5 2
                    18   1 4 4 1
                    19   4 6 0 1
                    20   4 3 0 2
                    21   2 8 6 2
                    22   4 2 7 1
                    23   4 4 8 1
                    24   4 5 8 1
                    25   2 5 2 1
                    26   3 6 0 1
                    27   3 1 2 1
                    28   1 2 5 2
                    29   1 5 2 2
                    30   4 3 5 2
                    31   1 5 9 1
                    32   1 3 9 2
                    33   1 4 2 1
                    34   4 4 0 1
                    35   1 8 7 2
                    36   4 2 2 1
                    37   1 4 9 2
                    38   4 4 3 2
                    39   1 6 2 1
                    40   3 1 4 1;
param nombreMachine := 5;
param capaciteRessource : 1 2 3 4 :=
                    1     6 14 17 5
                    2     8 14 17 4
                    3     8 14 19 4
                    4     6 13 18 7
                    5     8 10 20 8
end;

