data;
param nombreTypeRessource := 4;
param nombreJob := 40;
param job duree := 1 5 2 10 3 7 4 5 5 4 6 5 7 10 8 4 9 6 10 10 11 7 12 6 13 4 14 7 15 9 16 9 17 5 18 6 19 9 20 3 21 2 22 3 23 6 24 1 25 8 26 5 27 8 28 3 29 9 30 7 31 2 32 1 33 3 34 3 35 4 36 9 37 8 38 7 39 4 40 6;
param besoinRessource : 1 2 3 4 :=
                    1   4 3 1 2
                    2   3 3 3 1
                    3   2 8 3 1
                    4   1 2 10 2
                    5   2 3 9 2
                    6   1 8 0 1
                    7   3 5 8 1
                    8   2 2 8 1
                    9   4 8 2 2
                    10   3 7 9 1
                    11   1 7 7 2
                    12   1 5 7 2
                    13   4 7 10 1
                    14   3 7 2 2
                    15   4 7 7 2
                    16   3 2 4 1
                    17   4 8 0 1
                    18   1 6 8 2
                    19   1 3 2 1
                    20   2 7 5 1
                    21   1 8 0 2
                    22   1 1 2 2
                    23   1 2 6 1
                    24   3 5 1 2
                    25   4 3 8 1
                    26   4 7 6 1
                    27   4 2 2 1
                    28   2 6 8 1
                    29   4 7 7 2
                    30   3 3 5 1
                    31   1 4 3 1
                    32   2 1 8 2
                    33   1 8 0 2
                    34   4 1 6 2
                    35   1 8 5 1
                    36   3 5 1 2
                    37   4 1 6 1
                    38   1 7 7 2
                    39   1 2 9 2
                    40   1 1 5 2;
param nombreMachine := 5;
param capaciteRessource : 1 2 3 4 :=
                    1     6 16 18 6
                    2     7 10 15 4
                    3     8 16 12 8
                    4     7 13 16 8
                    5     7 10 14 4
end;

