data;
param nombreTypeRessource := 4;
param nombreJob := 40;
param job duree := 1 4 2 7 3 4 4 1 5 8 6 5 7 6 8 5 9 5 10 9 11 10 12 9 13 9 14 5 15 5 16 6 17 2 18 9 19 6 20 8 21 6 22 10 23 8 24 4 25 9 26 7 27 2 28 7 29 4 30 2 31 10 32 6 33 8 34 10 35 6 36 2 37 5 38 6 39 2 40 2;
param besoinRessource : 1 2 3 4 :=
                    1   4 1 9 1
                    2   3 1 10 2
                    3   3 8 7 1
                    4   2 2 0 1
                    5   3 3 5 2
                    6   3 3 0 2
                    7   3 2 6 1
                    8   3 2 4 1
                    9   2 8 8 2
                    10   4 2 9 2
                    11   4 1 5 2
                    12   3 7 7 2
                    13   2 4 2 2
                    14   3 3 3 2
                    15   2 6 9 1
                    16   3 5 4 1
                    17   2 5 3 1
                    18   4 3 1 1
                    19   2 3 3 2
                    20   4 2 9 2
                    21   4 6 7 1
                    22   3 7 8 2
                    23   2 5 1 2
                    24   3 7 2 1
                    25   3 5 4 1
                    26   3 2 1 2
                    27   2 4 10 2
                    28   1 5 7 1
                    29   4 7 10 1
                    30   1 5 3 1
                    31   2 8 9 1
                    32   3 1 1 1
                    33   4 5 6 2
                    34   3 2 2 1
                    35   2 5 9 2
                    36   3 7 10 2
                    37   4 6 7 2
                    38   3 7 1 2
                    39   4 1 6 2
                    40   2 6 6 2;
param nombreMachine := 5;
param capaciteRessource : 1 2 3 4 :=
                    1     8 13 13 7
                    2     7 12 14 8
                    3     7 13 18 6
                    4     6 11 16 7
                    5     8 10 16 4
end;

