data;
param nombreTypeRessource := 4;
param nombreJob := 40;
param job duree := 1 2 2 2 3 8 4 6 5 1 6 3 7 10 8 4 9 8 10 5 11 6 12 10 13 10 14 5 15 1 16 8 17 1 18 10 19 2 20 5 21 4 22 3 23 9 24 1 25 10 26 5 27 1 28 10 29 6 30 2 31 1 32 7 33 9 34 6 35 8 36 6 37 9 38 2 39 6 40 10;
param besoinRessource : 1 2 3 4 :=
                    1   1 6 0 2
                    2   3 4 6 2
                    3   4 6 6 1
                    4   1 3 5 1
                    5   4 5 2 2
                    6   4 4 4 1
                    7   1 6 6 2
                    8   3 3 2 2
                    9   3 4 1 2
                    10   1 7 7 1
                    11   2 3 9 1
                    12   3 8 7 1
                    13   3 6 6 1
                    14   2 3 8 2
                    15   4 8 0 1
                    16   3 7 10 1
                    17   2 1 3 1
                    18   4 1 0 1
                    19   4 4 9 1
                    20   3 5 7 2
                    21   1 1 5 2
                    22   1 3 4 1
                    23   3 1 10 2
                    24   2 2 7 2
                    25   4 2 3 1
                    26   3 7 4 2
                    27   2 6 2 2
                    28   1 4 3 1
                    29   1 8 1 1
                    30   4 2 2 1
                    31   1 5 5 2
                    32   3 6 4 2
                    33   3 8 9 2
                    34   1 5 0 1
                    35   3 6 1 2
                    36   3 2 10 1
                    37   3 7 6 1
                    38   4 7 4 1
                    39   2 1 1 2
                    40   1 1 2 2;
param nombreMachine := 5;
param capaciteRessource : 1 2 3 4 :=
                    1     6 10 14 8
                    2     7 14 16 8
                    3     8 12 15 4
                    4     6 16 13 4
                    5     7 14 19 8
end;

