data;
param nombreTypeRessource := 4;
param nombreJob := 40;
param job duree := 1 4 2 2 3 3 4 3 5 7 6 10 7 10 8 9 9 10 10 2 11 3 12 6 13 1 14 7 15 5 16 2 17 9 18 1 19 10 20 10 21 7 22 5 23 9 24 5 25 5 26 5 27 6 28 1 29 1 30 8 31 7 32 5 33 1 34 8 35 6 36 3 37 6 38 9 39 2 40 3;
param besoinRessource : 1 2 3 4 :=
                    1   1 7 0 1
                    2   4 8 6 1
                    3   2 8 2 2
                    4   2 6 5 2
                    5   3 5 5 2
                    6   4 4 3 1
                    7   4 4 10 1
                    8   4 7 7 2
                    9   3 8 9 1
                    10   2 4 3 2
                    11   1 1 1 1
                    12   3 3 1 1
                    13   2 8 1 1
                    14   4 2 10 1
                    15   2 6 0 2
                    16   1 6 8 1
                    17   4 2 6 2
                    18   2 7 8 2
                    19   4 2 5 1
                    20   4 7 0 1
                    21   3 1 3 1
                    22   3 1 3 1
                    23   1 1 9 1
                    24   4 7 5 1
                    25   1 2 4 1
                    26   1 6 0 2
                    27   1 6 2 1
                    28   3 8 7 2
                    29   2 1 0 1
                    30   2 8 9 2
                    31   1 5 9 1
                    32   1 1 10 1
                    33   2 2 3 1
                    34   1 2 7 1
                    35   3 3 3 1
                    36   1 6 3 2
                    37   1 4 10 2
                    38   3 4 7 2
                    39   4 7 8 1
                    40   1 7 6 2;
param nombreMachine := 5;
param capaciteRessource : 1 2 3 4 :=
                    1     6 16 17 5
                    2     7 10 18 6
                    3     6 12 19 8
                    4     8 13 15 4
                    5     7 13 18 4
end;

