data;
param nombreTypeRessource := 4;
param nombreJob := 40;
param job duree := 1 1 2 6 3 9 4 3 5 2 6 8 7 4 8 6 9 2 10 4 11 3 12 9 13 10 14 6 15 2 16 8 17 6 18 7 19 3 20 1 21 7 22 2 23 5 24 9 25 4 26 1 27 5 28 1 29 6 30 5 31 2 32 6 33 5 34 9 35 8 36 1 37 5 38 4 39 5 40 1;
param besoinRessource : 1 2 3 4 :=
                    1   4 2 4 2
                    2   3 3 0 2
                    3   3 3 2 1
                    4   1 1 5 2
                    5   2 4 0 1
                    6   3 2 6 1
                    7   4 7 9 1
                    8   3 1 4 1
                    9   2 5 7 1
                    10   4 1 0 1
                    11   1 2 7 1
                    12   4 4 0 2
                    13   1 1 4 2
                    14   3 7 9 1
                    15   2 2 1 2
                    16   3 2 1 1
                    17   3 3 3 2
                    18   4 6 6 1
                    19   2 8 8 1
                    20   1 7 9 1
                    21   1 1 7 1
                    22   4 1 10 1
                    23   1 2 2 1
                    24   3 2 4 1
                    25   1 2 2 1
                    26   1 2 6 1
                    27   4 7 0 2
                    28   2 4 7 1
                    29   3 8 7 2
                    30   2 3 2 2
                    31   4 3 9 1
                    32   1 8 4 1
                    33   1 6 4 1
                    34   3 2 8 2
                    35   1 2 5 2
                    36   2 1 1 1
                    37   1 8 6 1
                    38   3 7 3 1
                    39   4 8 7 1
                    40   1 3 8 1;
param nombreMachine := 5;
param capaciteRessource : 1 2 3 4 :=
                    1     6 16 13 5
                    2     7 16 19 7
                    3     7 15 16 7
                    4     8 12 20 7
                    5     8 10 18 4
end;

