data;
param nombreTypeRessource := 4;
param nombreJob := 40;
param job duree := 1 6 2 8 3 2 4 10 5 5 6 3 7 9 8 4 9 10 10 7 11 3 12 1 13 1 14 4 15 8 16 8 17 1 18 2 19 9 20 6 21 7 22 6 23 5 24 3 25 6 26 1 27 6 28 8 29 1 30 3 31 8 32 1 33 8 34 7 35 5 36 5 37 3 38 1 39 8 40 1;
param besoinRessource : 1 2 3 4 :=
                    1   4 3 8 1
                    2   4 2 5 1
                    3   4 7 6 1
                    4   3 7 1 1
                    5   3 1 10 1
                    6   3 7 9 1
                    7   3 1 3 1
                    8   2 1 6 2
                    9   4 7 7 1
                    10   3 2 4 1
                    11   1 8 0 2
                    12   2 8 0 1
                    13   3 1 1 2
                    14   2 3 7 2
                    15   1 5 10 1
                    16   4 6 10 2
                    17   3 5 4 2
                    18   4 4 0 1
                    19   1 6 5 2
                    20   2 5 1 1
                    21   2 8 10 2
                    22   3 1 6 1
                    23   1 7 1 1
                    24   2 3 5 1
                    25   2 2 5 2
                    26   3 3 5 1
                    27   2 5 8 2
                    28   1 6 5 2
                    29   4 4 3 1
                    30   3 2 6 1
                    31   2 2 7 1
                    32   2 3 3 1
                    33   1 2 6 1
                    34   3 5 1 2
                    35   1 4 6 2
                    36   2 3 10 2
                    37   4 2 6 2
                    38   2 6 10 2
                    39   4 1 2 1
                    40   2 6 10 1;
param nombreMachine := 5;
param capaciteRessource : 1 2 3 4 :=
                    1     6 13 18 5
                    2     8 14 14 4
                    3     7 12 17 7
                    4     7 14 20 7
                    5     8 13 12 5
end;

