data;
param nombreTypeRessource := 4;
param nombreJob := 40;
param job duree := 1 3 2 10 3 10 4 8 5 9 6 2 7 1 8 2 9 5 10 7 11 1 12 3 13 9 14 3 15 1 16 6 17 1 18 4 19 5 20 2 21 4 22 10 23 4 24 5 25 6 26 8 27 6 28 10 29 2 30 10 31 5 32 5 33 6 34 9 35 1 36 9 37 5 38 8 39 5 40 2;
param besoinRessource : 1 2 3 4 :=
                    1   3 1 0 1
                    2   1 3 10 1
                    3   4 5 6 1
                    4   3 1 1 2
                    5   2 1 3 2
                    6   1 4 1 1
                    7   4 3 0 2
                    8   4 4 2 1
                    9   4 4 5 1
                    10   3 1 0 2
                    11   4 3 8 2
                    12   3 7 0 2
                    13   3 4 1 2
                    14   1 6 8 1
                    15   2 3 0 1
                    16   3 5 1 1
                    17   1 8 5 1
                    18   3 3 8 1
                    19   2 3 2 2
                    20   4 6 10 2
                    21   4 6 0 1
                    22   4 7 9 2
                    23   2 5 3 2
                    24   1 6 10 1
                    25   4 6 8 2
                    26   3 1 2 2
                    27   1 2 6 2
                    28   2 6 8 2
                    29   1 1 6 1
                    30   4 5 2 2
                    31   4 8 9 2
                    32   4 7 0 1
                    33   1 6 8 1
                    34   2 7 5 2
                    35   3 4 9 1
                    36   1 3 0 1
                    37   2 6 0 2
                    38   4 6 4 1
                    39   2 4 5 1
                    40   2 4 1 1;
param nombreMachine := 5;
param capaciteRessource : 1 2 3 4 :=
                    1     6 10 13 4
                    2     7 10 12 4
                    3     7 16 14 5
                    4     7 12 16 4
                    5     8 10 13 8
end;

