data;
param nombreTypeRessource := 4;
param nombreJob := 50;
param job duree := 1 4 2 10 3 10 4 9 5 6 6 3 7 9 8 3 9 7 10 6 11 2 12 8 13 9 14 1 15 7 16 6 17 10 18 2 19 1 20 10 21 6 22 9 23 10 24 7 25 10 26 1 27 7 28 4 29 2 30 10 31 6 32 10 33 6 34 9 35 9 36 1 37 5 38 6 39 4 40 3 41 5 42 6 43 6 44 2 45 8 46 2 47 6 48 4 49 5 50 4;
param besoinRessource : 1 2 3 4 :=
                    1   4 1 2 1
                    2   1 8 10 1
                    3   2 7 9 1
                    4   1 5 4 2
                    5   2 1 1 1
                    6   4 3 4 2
                    7   2 2 6 1
                    8   1 5 1 1
                    9   4 7 7 1
                    10   3 8 3 1
                    11   3 6 8 2
                    12   4 8 10 1
                    13   4 7 8 2
                    14   2 5 8 1
                    15   1 5 5 2
                    16   2 3 9 1
                    17   4 8 8 2
                    18   3 5 6 1
                    19   2 2 4 2
                    20   3 2 10 2
                    21   3 2 5 2
                    22   1 7 0 2
                    23   2 7 8 2
                    24   3 4 8 2
                    25   3 6 4 1
                    26   2 7 7 1
                    27   3 3 2 2
                    28   1 1 1 2
                    29   1 8 6 2
                    30   1 3 4 1
                    31   2 8 6 2
                    32   4 8 0 2
                    33   4 2 10 2
                    34   3 1 6 2
                    35   1 2 8 2
                    36   4 7 10 1
                    37   3 3 3 1
                    38   2 6 10 2
                    39   4 3 5 2
                    40   4 7 10 1
                    41   1 3 1 1
                    42   4 7 2 1
                    43   4 6 3 2
                    44   3 7 10 2
                    45   2 2 9 1
                    46   2 6 1 2
                    47   3 3 4 2
                    48   1 5 4 1
                    49   4 5 4 2
                    50   2 2 2 1;
param nombreMachine := 5;
param capaciteRessource : 1 2 3 4 :=
                    1     8 14 20 6
                    2     8 13 16 5
                    3     7 12 13 6
                    4     7 10 20 6
                    5     7 11 12 7
end;

