data;
param nombreTypeRessource := 4;
param nombreJob := 50;
param job duree := 1 7 2 1 3 10 4 7 5 3 6 6 7 1 8 8 9 4 10 9 11 3 12 2 13 7 14 5 15 1 16 6 17 4 18 6 19 3 20 7 21 8 22 9 23 7 24 10 25 5 26 6 27 7 28 10 29 7 30 10 31 9 32 1 33 4 34 6 35 3 36 4 37 7 38 7 39 4 40 6 41 7 42 9 43 10 44 7 45 10 46 6 47 10 48 4 49 2 50 3;
param besoinRessource : 1 2 3 4 :=
                    1   4 3 4 2
                    2   4 4 10 2
                    3   1 4 0 1
                    4   2 5 6 1
                    5   1 8 9 1
                    6   4 8 4 1
                    7   4 2 0 1
                    8   1 8 4 1
                    9   3 6 5 1
                    10   1 1 3 2
                    11   1 1 10 1
                    12   4 5 9 1
                    13   1 8 5 1
                    14   2 7 0 2
                    15   1 5 3 1
                    16   4 8 10 1
                    17   4 5 7 1
                    18   1 4 4 2
                    19   2 4 0 2
                    20   1 8 6 1
                    21   1 6 7 2
                    22   1 6 4 1
                    23   4 1 3 2
                    24   2 1 1 2
                    25   2 5 7 2
                    26   2 2 6 2
                    27   1 7 7 2
                    28   1 7 8 2
                    29   3 2 10 2
                    30   2 7 7 2
                    31   4 8 3 1
                    32   4 8 10 1
                    33   2 2 8 1
                    34   1 6 3 1
                    35   4 1 5 1
                    36   2 5 8 2
                    37   2 4 10 1
                    38   4 3 6 2
                    39   3 3 6 1
                    40   4 7 1 2
                    41   1 4 4 1
                    42   1 7 3 1
                    43   1 5 9 1
                    44   1 6 6 1
                    45   1 2 2 1
                    46   4 4 2 1
                    47   2 8 4 1
                    48   2 6 0 2
                    49   3 3 4 1
                    50   1 8 1 2;
param nombreMachine := 5;
param capaciteRessource : 1 2 3 4 :=
                    1     6 12 12 6
                    2     7 14 16 7
                    3     6 11 14 7
                    4     7 10 18 7
                    5     7 16 16 6
end;

