data;
param nombreTypeRessource := 4;
param nombreJob := 50;
param job duree := 1 9 2 1 3 9 4 6 5 4 6 7 7 5 8 7 9 1 10 9 11 5 12 7 13 7 14 1 15 10 16 7 17 8 18 6 19 7 20 4 21 4 22 6 23 6 24 9 25 8 26 7 27 7 28 5 29 3 30 2 31 10 32 10 33 10 34 3 35 8 36 7 37 9 38 10 39 6 40 1 41 10 42 9 43 2 44 2 45 10 46 1 47 9 48 6 49 4 50 2;
param besoinRessource : 1 2 3 4 :=
                    1   4 7 10 2
                    2   4 5 2 2
                    3   2 1 1 1
                    4   3 6 1 2
                    5   1 3 1 2
                    6   4 7 1 2
                    7   3 5 6 1
                    8   4 4 7 1
                    9   4 4 3 1
                    10   1 3 2 2
                    11   2 5 7 2
                    12   4 2 2 1
                    13   2 6 9 1
                    14   2 2 10 1
                    15   3 5 5 2
                    16   1 7 6 1
                    17   3 5 6 2
                    18   1 2 6 1
                    19   2 3 8 2
                    20   1 5 9 1
                    21   4 7 9 2
                    22   3 3 4 2
                    23   2 1 3 2
                    24   1 3 6 2
                    25   3 2 0 2
                    26   2 1 0 1
                    27   3 3 7 1
                    28   3 6 10 1
                    29   2 8 10 2
                    30   2 5 0 2
                    31   3 7 10 1
                    32   1 7 8 1
                    33   3 5 10 1
                    34   4 3 10 1
                    35   2 6 4 2
                    36   1 1 1 1
                    37   4 8 0 1
                    38   2 7 10 2
                    39   2 7 8 1
                    40   2 7 4 2
                    41   1 2 5 1
                    42   3 7 8 2
                    43   1 4 8 2
                    44   3 2 3 1
                    45   4 4 9 1
                    46   2 5 9 1
                    47   3 5 6 1
                    48   4 6 0 1
                    49   4 1 3 2
                    50   3 5 8 2;
param nombreMachine := 5;
param capaciteRessource : 1 2 3 4 :=
                    1     7 16 16 5
                    2     6 15 13 7
                    3     7 11 16 8
                    4     8 11 18 4
                    5     6 14 12 6
end;

