data;
param nombreTypeRessource := 4;
param nombreJob := 50;
param job duree := 1 8 2 2 3 7 4 10 5 5 6 10 7 7 8 1 9 7 10 5 11 3 12 9 13 4 14 3 15 8 16 2 17 7 18 8 19 4 20 5 21 4 22 7 23 8 24 3 25 1 26 6 27 7 28 6 29 3 30 8 31 6 32 10 33 5 34 7 35 2 36 7 37 1 38 3 39 3 40 4 41 5 42 3 43 1 44 7 45 9 46 2 47 5 48 10 49 4 50 4;
param besoinRessource : 1 2 3 4 :=
                    1   4 6 8 2
                    2   1 1 1 1
                    3   4 3 7 2
                    4   4 5 7 2
                    5   3 8 9 1
                    6   3 8 0 1
                    7   2 2 9 2
                    8   1 7 6 1
                    9   4 7 2 2
                    10   2 7 0 2
                    11   4 7 8 2
                    12   3 4 5 2
                    13   4 2 4 1
                    14   3 3 6 2
                    15   2 1 10 2
                    16   1 4 3 1
                    17   2 7 9 1
                    18   3 1 7 1
                    19   3 7 3 2
                    20   1 6 7 2
                    21   2 5 3 1
                    22   4 8 5 2
                    23   1 3 3 2
                    24   2 4 1 2
                    25   2 1 8 1
                    26   4 6 0 2
                    27   1 3 9 2
                    28   1 4 10 2
                    29   3 6 1 1
                    30   3 2 5 2
                    31   3 4 4 2
                    32   3 3 7 2
                    33   4 5 9 2
                    34   3 7 8 1
                    35   3 1 1 1
                    36   3 2 7 1
                    37   1 7 9 2
                    38   1 6 3 2
                    39   1 7 4 1
                    40   4 3 6 2
                    41   4 3 2 2
                    42   1 4 10 2
                    43   3 6 7 2
                    44   4 3 5 2
                    45   3 8 1 2
                    46   2 2 0 1
                    47   2 8 0 2
                    48   3 4 2 2
                    49   4 4 4 1
                    50   2 4 4 2;
param nombreMachine := 5;
param capaciteRessource : 1 2 3 4 :=
                    1     6 14 20 7
                    2     8 16 19 7
                    3     7 15 15 5
                    4     8 10 12 5
                    5     7 14 12 8
end;

