data;
param nombreTypeRessource := 4;
param nombreJob := 50;
param job duree := 1 3 2 4 3 6 4 1 5 4 6 9 7 9 8 7 9 8 10 3 11 7 12 5 13 6 14 10 15 1 16 2 17 7 18 5 19 9 20 2 21 9 22 6 23 7 24 3 25 7 26 5 27 6 28 3 29 5 30 1 31 2 32 5 33 4 34 4 35 4 36 5 37 4 38 7 39 1 40 4 41 9 42 2 43 4 44 9 45 9 46 8 47 4 48 8 49 5 50 3;
param besoinRessource : 1 2 3 4 :=
                    1   1 2 1 1
                    2   2 7 7 1
                    3   2 6 0 2
                    4   4 4 1 1
                    5   2 8 1 1
                    6   2 1 0 2
                    7   3 4 3 2
                    8   1 3 1 1
                    9   3 4 3 2
                    10   1 8 3 1
                    11   1 5 9 2
                    12   4 6 5 1
                    13   2 2 5 2
                    14   1 3 2 1
                    15   4 3 2 1
                    16   2 3 4 1
                    17   1 1 7 2
                    18   4 3 2 2
                    19   1 6 8 1
                    20   4 7 2 1
                    21   1 7 7 1
                    22   4 6 10 2
                    23   2 5 10 2
                    24   1 7 9 1
                    25   1 8 8 2
                    26   4 5 0 2
                    27   2 2 9 2
                    28   4 7 10 1
                    29   1 2 8 2
                    30   3 6 8 2
                    31   4 2 10 1
                    32   1 8 10 2
                    33   2 7 5 2
                    34   1 2 8 1
                    35   2 4 6 2
                    36   4 8 8 1
                    37   2 5 0 2
                    38   2 1 5 2
                    39   2 8 5 1
                    40   4 7 1 1
                    41   2 3 9 2
                    42   2 8 1 1
                    43   2 3 6 2
                    44   2 6 2 2
                    45   1 4 1 2
                    46   4 2 9 1
                    47   4 8 2 1
                    48   4 4 2 2
                    49   4 1 7 1
                    50   3 5 10 2;
param nombreMachine := 5;
param capaciteRessource : 1 2 3 4 :=
                    1     7 10 12 6
                    2     7 13 12 8
                    3     7 16 13 4
                    4     8 13 20 8
                    5     8 12 13 8
end;

