data;
param nombreTypeRessource := 4;
param nombreJob := 50;
param job duree := 1 10 2 2 3 10 4 4 5 3 6 2 7 6 8 8 9 1 10 8 11 8 12 2 13 3 14 8 15 7 16 5 17 3 18 4 19 2 20 1 21 7 22 5 23 9 24 6 25 2 26 9 27 5 28 10 29 2 30 2 31 3 32 10 33 8 34 7 35 9 36 1 37 7 38 7 39 4 40 1 41 6 42 1 43 2 44 4 45 8 46 1 47 9 48 8 49 2 50 4;
param besoinRessource : 1 2 3 4 :=
                    1   2 8 4 1
                    2   2 8 7 1
                    3   1 1 3 2
                    4   2 2 9 2
                    5   1 7 6 1
                    6   3 4 3 2
                    7   4 2 2 2
                    8   3 5 9 2
                    9   3 6 1 1
                    10   3 7 7 2
                    11   3 6 5 1
                    12   2 4 5 1
                    13   1 1 0 2
                    14   3 7 5 1
                    15   4 1 0 1
                    16   3 7 8 2
                    17   3 5 7 1
                    18   3 5 6 1
                    19   2 4 6 2
                    20   4 5 10 2
                    21   4 2 9 1
                    22   1 1 0 2
                    23   4 8 8 1
                    24   1 6 10 2
                    25   4 4 3 1
                    26   2 1 4 1
                    27   3 8 10 2
                    28   3 6 5 1
                    29   1 7 7 2
                    30   1 2 10 2
                    31   2 7 0 1
                    32   3 5 3 1
                    33   1 6 9 2
                    34   4 4 2 2
                    35   2 8 2 1
                    36   2 1 1 1
                    37   4 2 1 2
                    38   4 5 5 1
                    39   1 2 7 2
                    40   4 1 5 1
                    41   4 4 8 1
                    42   4 7 4 1
                    43   2 3 7 1
                    44   2 1 2 1
                    45   3 3 2 2
                    46   2 6 3 2
                    47   1 5 8 1
                    48   3 2 0 1
                    49   2 4 4 1
                    50   4 4 6 1;
param nombreMachine := 5;
param capaciteRessource : 1 2 3 4 :=
                    1     7 14 16 8
                    2     6 13 17 4
                    3     8 15 15 4
                    4     6 16 16 8
                    5     8 12 18 8
end;

