data;
param nombreTypeRessource := 4;
param nombreJob := 50;
param job duree := 1 6 2 8 3 8 4 7 5 10 6 3 7 6 8 3 9 6 10 3 11 9 12 4 13 2 14 5 15 7 16 3 17 10 18 3 19 2 20 9 21 4 22 4 23 3 24 8 25 9 26 8 27 7 28 9 29 1 30 1 31 1 32 3 33 3 34 8 35 3 36 3 37 7 38 6 39 1 40 7 41 1 42 4 43 10 44 8 45 1 46 8 47 2 48 6 49 10 50 9;
param besoinRessource : 1 2 3 4 :=
                    1   1 8 10 1
                    2   4 4 5 1
                    3   4 5 4 2
                    4   2 5 7 2
                    5   1 6 0 1
                    6   4 3 10 2
                    7   2 4 0 1
                    8   1 7 1 2
                    9   3 5 8 2
                    10   1 8 6 1
                    11   3 8 3 2
                    12   3 7 2 2
                    13   1 7 4 1
                    14   4 2 5 2
                    15   1 8 9 1
                    16   4 4 5 1
                    17   4 3 9 2
                    18   1 4 10 1
                    19   4 4 6 1
                    20   1 7 2 2
                    21   3 4 2 2
                    22   4 6 3 1
                    23   3 2 4 1
                    24   4 4 10 1
                    25   2 8 3 1
                    26   4 5 5 1
                    27   3 3 7 2
                    28   2 4 1 1
                    29   4 8 9 1
                    30   1 8 2 1
                    31   1 1 4 1
                    32   3 7 10 2
                    33   2 5 4 2
                    34   2 8 9 1
                    35   4 3 1 2
                    36   4 1 9 2
                    37   4 1 8 2
                    38   2 6 9 2
                    39   2 1 0 1
                    40   1 5 10 1
                    41   1 5 1 2
                    42   1 1 2 2
                    43   3 3 3 1
                    44   4 1 2 1
                    45   3 7 2 1
                    46   4 5 7 2
                    47   2 5 8 1
                    48   1 6 0 1
                    49   1 8 0 1
                    50   2 3 7 1;
param nombreMachine := 5;
param capaciteRessource : 1 2 3 4 :=
                    1     8 15 19 8
                    2     6 14 18 5
                    3     6 16 16 5
                    4     6 10 20 8
                    5     6 15 20 4
end;

