data;
param nombreTypeRessource := 4;
param nombreJob := 50;
param job duree := 1 3 2 1 3 5 4 8 5 10 6 3 7 1 8 1 9 5 10 10 11 1 12 5 13 9 14 3 15 5 16 2 17 8 18 4 19 6 20 7 21 4 22 1 23 4 24 5 25 8 26 6 27 8 28 3 29 1 30 5 31 6 32 6 33 4 34 9 35 3 36 4 37 7 38 5 39 6 40 5 41 4 42 9 43 8 44 9 45 4 46 10 47 2 48 1 49 7 50 9;
param besoinRessource : 1 2 3 4 :=
                    1   1 4 4 2
                    2   1 8 7 1
                    3   1 1 2 1
                    4   4 6 3 2
                    5   3 6 1 2
                    6   3 8 0 2
                    7   1 3 2 2
                    8   2 6 9 2
                    9   4 8 3 2
                    10   2 6 6 2
                    11   2 7 2 2
                    12   3 2 1 2
                    13   1 6 2 1
                    14   4 1 1 2
                    15   1 8 6 1
                    16   4 4 10 2
                    17   4 7 9 1
                    18   1 6 10 1
                    19   3 1 1 2
                    20   1 4 5 1
                    21   1 2 9 2
                    22   2 5 3 1
                    23   4 7 7 2
                    24   1 2 5 2
                    25   1 3 4 1
                    26   4 3 9 2
                    27   2 7 1 2
                    28   2 7 9 2
                    29   3 1 10 2
                    30   1 7 9 2
                    31   1 2 1 1
                    32   3 1 2 1
                    33   4 6 0 2
                    34   2 2 4 1
                    35   3 8 2 1
                    36   1 2 5 1
                    37   1 4 10 1
                    38   4 5 0 2
                    39   4 8 6 2
                    40   3 6 6 1
                    41   1 8 2 1
                    42   1 2 0 1
                    43   4 5 10 2
                    44   1 1 7 1
                    45   4 2 5 2
                    46   4 5 4 1
                    47   4 8 10 2
                    48   1 4 8 1
                    49   2 1 2 2
                    50   3 5 1 2;
param nombreMachine := 5;
param capaciteRessource : 1 2 3 4 :=
                    1     7 11 14 7
                    2     7 11 15 7
                    3     6 14 12 6
                    4     6 11 13 6
                    5     7 10 13 6
end;

