data;
param nombreTypeRessource := 4;
param nombreJob := 50;
param job duree := 1 1 2 5 3 9 4 10 5 4 6 6 7 6 8 9 9 3 10 2 11 1 12 3 13 8 14 4 15 4 16 10 17 5 18 9 19 6 20 8 21 5 22 8 23 3 24 1 25 7 26 8 27 1 28 7 29 8 30 7 31 7 32 2 33 9 34 3 35 4 36 8 37 7 38 10 39 2 40 3 41 10 42 6 43 5 44 2 45 3 46 2 47 10 48 2 49 1 50 1;
param besoinRessource : 1 2 3 4 :=
                    1   1 8 4 2
                    2   4 6 9 1
                    3   2 5 1 2
                    4   1 1 2 1
                    5   4 1 3 1
                    6   4 7 8 1
                    7   3 4 4 1
                    8   4 4 2 2
                    9   2 2 3 2
                    10   2 5 1 1
                    11   3 6 5 2
                    12   2 2 10 1
                    13   3 4 1 2
                    14   1 2 7 1
                    15   1 1 7 2
                    16   1 1 9 1
                    17   3 5 9 2
                    18   4 2 1 2
                    19   4 1 10 1
                    20   1 5 0 1
                    21   4 5 10 1
                    22   2 7 5 1
                    23   2 7 0 2
                    24   2 7 9 2
                    25   4 3 3 2
                    26   1 6 9 1
                    27   2 8 5 2
                    28   2 1 3 1
                    29   4 3 1 1
                    30   2 2 10 2
                    31   1 1 3 1
                    32   1 1 0 1
                    33   2 7 8 1
                    34   1 2 0 1
                    35   1 7 7 1
                    36   4 2 0 1
                    37   3 7 8 2
                    38   2 3 5 2
                    39   2 4 4 1
                    40   1 7 2 1
                    41   2 1 3 2
                    42   1 3 0 2
                    43   3 3 6 1
                    44   3 8 3 2
                    45   1 6 2 1
                    46   3 5 5 2
                    47   3 6 4 1
                    48   4 1 10 1
                    49   3 4 2 2
                    50   2 5 7 2;
param nombreMachine := 5;
param capaciteRessource : 1 2 3 4 :=
                    1     6 14 15 7
                    2     7 13 17 6
                    3     7 10 15 7
                    4     7 11 13 7
                    5     7 12 19 8
end;

