data;
param nombreTypeRessource := 4;
param nombreJob := 50;
param job duree := 1 10 2 8 3 1 4 10 5 1 6 6 7 6 8 3 9 5 10 2 11 2 12 2 13 1 14 6 15 10 16 6 17 9 18 9 19 2 20 2 21 8 22 7 23 2 24 4 25 10 26 5 27 5 28 3 29 3 30 1 31 3 32 4 33 3 34 6 35 7 36 3 37 3 38 9 39 3 40 1 41 3 42 6 43 7 44 6 45 4 46 8 47 4 48 9 49 8 50 1;
param besoinRessource : 1 2 3 4 :=
                    1   2 2 8 1
                    2   2 2 5 1
                    3   3 2 1 1
                    4   3 6 8 2
                    5   2 1 6 1
                    6   1 8 6 1
                    7   2 6 5 1
                    8   2 1 5 1
                    9   3 2 6 2
                    10   4 3 0 1
                    11   1 4 0 2
                    12   2 1 3 1
                    13   2 7 4 1
                    14   2 8 8 2
                    15   1 5 1 2
                    16   3 5 5 2
                    17   4 7 0 2
                    18   3 3 9 1
                    19   3 5 5 2
                    20   3 3 9 1
                    21   2 4 4 2
                    22   3 6 5 2
                    23   2 1 3 1
                    24   3 4 5 2
                    25   1 3 3 1
                    26   1 3 5 2
                    27   4 4 0 1
                    28   4 2 8 1
                    29   1 4 10 1
                    30   3 8 8 1
                    31   1 6 0 1
                    32   3 3 3 1
                    33   2 8 0 2
                    34   4 6 1 1
                    35   4 1 7 2
                    36   2 2 9 1
                    37   3 2 4 1
                    38   1 2 1 1
                    39   2 7 10 2
                    40   2 1 8 1
                    41   2 3 1 2
                    42   1 5 6 2
                    43   4 3 2 1
                    44   2 1 1 1
                    45   4 4 2 1
                    46   3 6 3 2
                    47   3 7 3 1
                    48   1 8 3 1
                    49   1 1 9 2
                    50   2 3 4 1;
param nombreMachine := 5;
param capaciteRessource : 1 2 3 4 :=
                    1     7 15 15 7
                    2     6 16 14 7
                    3     7 14 20 7
                    4     7 11 12 7
                    5     8 10 17 8
end;

