data;
param nombreTypeRessource := 4;
param nombreJob := 50;
param job duree := 1 1 2 5 3 1 4 2 5 6 6 4 7 5 8 10 9 2 10 2 11 3 12 2 13 7 14 6 15 9 16 5 17 4 18 4 19 2 20 1 21 3 22 5 23 5 24 5 25 7 26 10 27 10 28 4 29 9 30 1 31 7 32 3 33 4 34 9 35 8 36 10 37 8 38 2 39 8 40 2 41 9 42 7 43 10 44 8 45 9 46 8 47 5 48 7 49 4 50 6;
param besoinRessource : 1 2 3 4 :=
                    1   4 5 5 1
                    2   3 5 3 1
                    3   3 6 8 2
                    4   1 3 10 1
                    5   3 5 3 2
                    6   3 2 9 2
                    7   3 2 10 1
                    8   3 4 1 1
                    9   4 8 2 1
                    10   2 7 10 2
                    11   3 6 5 2
                    12   2 1 9 1
                    13   3 6 9 2
                    14   3 5 3 1
                    15   1 1 6 1
                    16   1 4 0 1
                    17   3 7 0 1
                    18   4 7 1 2
                    19   1 2 0 1
                    20   3 4 7 2
                    21   1 3 7 1
                    22   1 4 5 2
                    23   2 2 4 1
                    24   1 3 7 1
                    25   1 4 4 2
                    26   4 1 0 2
                    27   1 1 1 1
                    28   1 3 10 2
                    29   3 1 9 1
                    30   3 2 8 1
                    31   1 7 7 2
                    32   4 3 3 2
                    33   1 2 6 2
                    34   3 4 4 1
                    35   3 4 9 1
                    36   2 3 0 2
                    37   4 3 3 2
                    38   2 3 4 2
                    39   4 3 1 2
                    40   1 3 6 2
                    41   4 5 7 2
                    42   3 7 9 1
                    43   2 8 10 1
                    44   4 8 9 1
                    45   3 7 1 2
                    46   3 2 2 2
                    47   2 6 0 2
                    48   4 8 9 1
                    49   1 5 4 1
                    50   1 6 2 1;
param nombreMachine := 5;
param capaciteRessource : 1 2 3 4 :=
                    1     7 11 20 6
                    2     8 14 15 5
                    3     8 14 20 7
                    4     8 14 17 7
                    5     6 16 13 6
end;

