data;
param nombreTypeRessource := 4;
param nombreJob := 50;
param job duree := 1 4 2 2 3 5 4 9 5 2 6 10 7 1 8 4 9 4 10 6 11 10 12 1 13 7 14 9 15 7 16 1 17 9 18 9 19 9 20 8 21 1 22 1 23 4 24 10 25 4 26 2 27 4 28 2 29 1 30 3 31 1 32 4 33 6 34 10 35 1 36 2 37 9 38 4 39 8 40 10 41 7 42 7 43 1 44 4 45 10 46 5 47 6 48 6 49 1 50 6;
param besoinRessource : 1 2 3 4 :=
                    1   4 2 7 2
                    2   1 3 0 2
                    3   1 5 0 2
                    4   4 2 2 2
                    5   3 1 2 2
                    6   3 7 8 2
                    7   3 1 6 2
                    8   4 8 5 1
                    9   2 2 8 2
                    10   4 1 0 2
                    11   4 8 8 2
                    12   4 1 3 1
                    13   3 7 9 1
                    14   3 3 5 1
                    15   1 6 6 2
                    16   1 1 10 2
                    17   2 3 4 2
                    18   4 5 9 2
                    19   1 2 0 1
                    20   1 8 5 1
                    21   2 1 5 1
                    22   2 8 0 2
                    23   3 3 8 2
                    24   1 4 4 2
                    25   3 5 7 1
                    26   1 7 7 2
                    27   3 1 5 1
                    28   3 8 1 2
                    29   2 4 10 1
                    30   3 8 8 1
                    31   1 8 6 1
                    32   1 2 4 1
                    33   1 1 9 2
                    34   1 3 1 2
                    35   1 8 8 2
                    36   2 4 5 1
                    37   1 1 8 1
                    38   4 4 8 2
                    39   1 6 7 2
                    40   2 3 1 2
                    41   1 4 4 2
                    42   2 1 4 2
                    43   1 3 4 2
                    44   1 8 3 2
                    45   1 6 5 2
                    46   3 6 4 2
                    47   4 7 7 2
                    48   1 6 5 2
                    49   1 7 5 1
                    50   1 7 2 1;
param nombreMachine := 5;
param capaciteRessource : 1 2 3 4 :=
                    1     7 14 17 5
                    2     8 12 14 7
                    3     7 14 18 7
                    4     7 13 12 8
                    5     6 16 18 6
end;

