data;
param nombreTypeRessource := 4;
param nombreJob := 50;
param job duree := 1 9 2 10 3 4 4 5 5 3 6 9 7 7 8 7 9 6 10 2 11 10 12 8 13 10 14 5 15 9 16 9 17 2 18 7 19 1 20 1 21 5 22 10 23 3 24 4 25 8 26 5 27 6 28 4 29 3 30 2 31 6 32 2 33 7 34 6 35 10 36 4 37 1 38 2 39 2 40 8 41 3 42 5 43 8 44 1 45 8 46 4 47 8 48 1 49 2 50 8;
param besoinRessource : 1 2 3 4 :=
                    1   2 3 7 2
                    2   2 7 3 2
                    3   1 5 7 1
                    4   4 8 6 2
                    5   3 3 2 1
                    6   4 4 10 2
                    7   3 1 8 1
                    8   1 6 2 2
                    9   4 1 6 2
                    10   1 3 2 1
                    11   2 8 8 1
                    12   2 7 5 2
                    13   3 8 9 2
                    14   3 4 9 2
                    15   4 6 9 2
                    16   2 7 2 2
                    17   1 4 9 1
                    18   2 3 8 1
                    19   4 2 4 2
                    20   3 3 4 2
                    21   2 7 1 1
                    22   3 4 8 1
                    23   4 2 4 2
                    24   3 2 1 1
                    25   2 1 3 2
                    26   1 4 1 2
                    27   4 3 6 1
                    28   2 8 7 1
                    29   2 4 4 1
                    30   3 5 9 2
                    31   2 6 9 2
                    32   2 7 5 1
                    33   4 6 0 1
                    34   3 1 10 2
                    35   2 2 8 1
                    36   3 4 1 2
                    37   2 4 10 1
                    38   4 4 2 1
                    39   1 7 2 1
                    40   4 1 8 2
                    41   4 6 7 2
                    42   1 3 0 2
                    43   2 3 8 2
                    44   1 6 1 1
                    45   3 7 1 2
                    46   1 7 3 2
                    47   4 3 10 2
                    48   3 4 1 2
                    49   1 6 8 2
                    50   1 1 0 2;
param nombreMachine := 5;
param capaciteRessource : 1 2 3 4 :=
                    1     6 10 18 7
                    2     7 13 19 6
                    3     7 16 17 4
                    4     8 13 19 6
                    5     6 15 16 8
end;

