data;
param nombreTypeRessource := 4;
param nombreJob := 50;
param job duree := 1 2 2 8 3 7 4 10 5 4 6 5 7 8 8 1 9 5 10 1 11 9 12 6 13 4 14 2 15 1 16 9 17 9 18 6 19 5 20 9 21 3 22 3 23 1 24 3 25 3 26 1 27 6 28 9 29 7 30 7 31 4 32 7 33 2 34 3 35 1 36 6 37 5 38 1 39 1 40 1 41 9 42 8 43 10 44 1 45 5 46 4 47 5 48 6 49 6 50 3;
param besoinRessource : 1 2 3 4 :=
                    1   1 4 10 1
                    2   4 6 4 2
                    3   2 3 6 2
                    4   3 7 9 2
                    5   4 3 4 1
                    6   3 8 3 2
                    7   3 5 6 2
                    8   4 2 6 2
                    9   2 1 4 1
                    10   4 2 4 1
                    11   1 2 10 1
                    12   2 1 4 2
                    13   1 1 5 2
                    14   3 3 1 1
                    15   3 2 6 1
                    16   1 4 0 2
                    17   3 6 6 2
                    18   1 7 2 1
                    19   3 7 8 2
                    20   4 6 0 1
                    21   4 8 2 2
                    22   4 5 7 1
                    23   2 8 1 1
                    24   1 3 9 2
                    25   3 3 5 1
                    26   3 3 4 2
                    27   4 7 6 2
                    28   3 5 5 2
                    29   3 3 5 2
                    30   2 6 4 2
                    31   2 2 2 2
                    32   1 5 6 1
                    33   4 8 7 2
                    34   4 3 5 1
                    35   4 8 2 1
                    36   4 6 1 2
                    37   1 3 8 2
                    38   3 7 0 1
                    39   4 5 7 1
                    40   2 2 4 1
                    41   1 2 9 2
                    42   2 5 3 1
                    43   1 4 1 2
                    44   1 2 10 2
                    45   1 4 3 2
                    46   3 8 1 2
                    47   1 8 0 2
                    48   4 4 8 2
                    49   1 3 6 2
                    50   1 6 8 1;
param nombreMachine := 5;
param capaciteRessource : 1 2 3 4 :=
                    1     8 14 13 6
                    2     8 16 20 7
                    3     8 11 16 4
                    4     6 13 19 4
                    5     8 12 20 7
end;

