data;
param nombreTypeRessource := 4;
param nombreJob := 50;
param job duree := 1 2 2 2 3 1 4 4 5 1 6 6 7 9 8 10 9 10 10 5 11 9 12 10 13 10 14 9 15 4 16 8 17 5 18 6 19 7 20 8 21 4 22 1 23 5 24 7 25 4 26 6 27 8 28 2 29 8 30 10 31 5 32 7 33 6 34 8 35 3 36 6 37 5 38 8 39 1 40 4 41 10 42 9 43 7 44 5 45 3 46 6 47 5 48 6 49 9 50 9;
param besoinRessource : 1 2 3 4 :=
                    1   1 3 1 2
                    2   3 4 5 2
                    3   4 2 8 1
                    4   2 5 7 1
                    5   4 6 0 2
                    6   3 6 9 2
                    7   4 6 7 1
                    8   3 6 5 2
                    9   3 7 4 2
                    10   4 6 7 2
                    11   4 4 10 1
                    12   4 8 1 1
                    13   2 2 10 2
                    14   2 5 6 1
                    15   3 3 7 2
                    16   2 2 8 1
                    17   2 5 8 2
                    18   2 7 7 2
                    19   3 1 3 2
                    20   4 3 10 1
                    21   2 7 2 1
                    22   2 2 7 2
                    23   1 7 0 1
                    24   1 1 7 2
                    25   1 5 3 2
                    26   4 5 2 2
                    27   1 8 10 1
                    28   1 6 1 2
                    29   1 7 7 2
                    30   1 3 10 2
                    31   1 6 4 1
                    32   3 6 8 2
                    33   2 6 8 2
                    34   3 2 1 2
                    35   1 1 1 2
                    36   4 6 4 1
                    37   1 2 6 1
                    38   2 6 5 2
                    39   4 1 4 1
                    40   1 5 2 2
                    41   3 1 2 2
                    42   4 1 6 1
                    43   2 2 3 1
                    44   2 6 1 2
                    45   4 6 5 1
                    46   3 6 10 1
                    47   1 4 0 1
                    48   3 4 3 1
                    49   3 8 4 1
                    50   1 1 7 2;
param nombreMachine := 5;
param capaciteRessource : 1 2 3 4 :=
                    1     7 16 12 5
                    2     8 11 18 8
                    3     7 10 20 7
                    4     7 13 15 5
                    5     8 10 20 5
end;

