data;
param nombreTypeRessource := 4;
param nombreJob := 50;
param job duree := 1 8 2 3 3 3 4 10 5 6 6 4 7 2 8 6 9 7 10 8 11 6 12 1 13 10 14 7 15 6 16 2 17 2 18 8 19 2 20 5 21 10 22 9 23 1 24 3 25 7 26 8 27 5 28 3 29 6 30 2 31 7 32 8 33 5 34 8 35 4 36 9 37 2 38 3 39 7 40 9 41 9 42 5 43 3 44 3 45 1 46 1 47 1 48 5 49 3 50 1;
param besoinRessource : 1 2 3 4 :=
                    1   1 8 9 2
                    2   4 8 4 2
                    3   1 3 7 2
                    4   2 1 0 1
                    5   1 3 6 2
                    6   1 1 9 2
                    7   3 3 4 1
                    8   3 6 6 1
                    9   3 6 2 2
                    10   3 1 4 1
                    11   1 8 8 1
                    12   2 5 1 1
                    13   2 2 4 2
                    14   3 7 3 2
                    15   3 1 4 2
                    16   4 1 1 1
                    17   1 6 7 2
                    18   3 6 8 2
                    19   4 7 6 2
                    20   4 1 10 1
                    21   4 2 1 1
                    22   4 2 6 1
                    23   1 6 7 2
                    24   3 2 7 1
                    25   3 4 9 2
                    26   3 7 7 2
                    27   4 2 3 1
                    28   4 3 1 2
                    29   2 7 8 1
                    30   1 2 2 1
                    31   1 7 7 2
                    32   1 1 3 2
                    33   4 6 5 2
                    34   3 4 0 2
                    35   1 8 0 2
                    36   4 8 10 2
                    37   1 8 8 1
                    38   1 8 6 2
                    39   2 4 6 1
                    40   2 8 9 1
                    41   1 2 1 1
                    42   3 1 5 1
                    43   3 7 3 2
                    44   3 4 4 2
                    45   4 3 2 2
                    46   4 4 7 2
                    47   3 7 4 2
                    48   3 7 3 1
                    49   3 1 7 2
                    50   2 1 7 2;
param nombreMachine := 5;
param capaciteRessource : 1 2 3 4 :=
                    1     8 12 15 5
                    2     7 12 15 4
                    3     6 10 16 5
                    4     6 15 20 4
                    5     7 11 16 5
end;

