data;
param nombreTypeRessource := 4;
param nombreJob := 50;
param job duree := 1 3 2 2 3 8 4 10 5 2 6 4 7 7 8 2 9 4 10 8 11 10 12 10 13 1 14 3 15 8 16 5 17 5 18 9 19 1 20 3 21 1 22 5 23 4 24 7 25 2 26 1 27 6 28 2 29 9 30 3 31 5 32 7 33 6 34 7 35 4 36 8 37 8 38 2 39 3 40 5 41 2 42 10 43 7 44 10 45 2 46 1 47 10 48 3 49 1 50 5;
param besoinRessource : 1 2 3 4 :=
                    1   2 6 4 1
                    2   4 4 8 1
                    3   1 2 7 2
                    4   4 4 1 2
                    5   2 6 7 2
                    6   3 1 5 1
                    7   4 7 7 1
                    8   4 5 0 2
                    9   3 3 2 1
                    10   2 3 10 1
                    11   1 7 5 2
                    12   2 3 9 2
                    13   2 5 9 1
                    14   2 1 1 2
                    15   3 8 6 2
                    16   2 3 5 2
                    17   2 1 9 1
                    18   1 7 5 1
                    19   3 7 6 2
                    20   1 2 3 2
                    21   3 4 5 2
                    22   2 3 9 2
                    23   3 3 10 1
                    24   3 4 0 2
                    25   4 4 5 2
                    26   1 2 7 2
                    27   1 7 9 1
                    28   3 2 0 2
                    29   4 3 7 1
                    30   1 5 0 2
                    31   4 7 5 2
                    32   2 4 10 2
                    33   3 7 2 2
                    34   4 8 1 1
                    35   2 1 9 2
                    36   4 3 8 2
                    37   1 1 5 2
                    38   1 8 5 2
                    39   3 2 8 1
                    40   2 8 5 2
                    41   4 1 7 1
                    42   4 2 7 1
                    43   3 6 2 2
                    44   2 8 6 2
                    45   1 2 1 1
                    46   3 1 5 2
                    47   2 8 8 1
                    48   1 3 1 1
                    49   1 7 3 1
                    50   2 8 3 1;
param nombreMachine := 5;
param capaciteRessource : 1 2 3 4 :=
                    1     8 10 12 8
                    2     6 16 13 7
                    3     7 11 13 6
                    4     8 11 20 5
                    5     7 12 14 7
end;

