data;
param nombreTypeRessource := 4;
param nombreJob := 50;
param job duree := 1 9 2 1 3 10 4 8 5 6 6 1 7 2 8 3 9 9 10 3 11 5 12 7 13 4 14 3 15 4 16 8 17 4 18 9 19 6 20 2 21 7 22 4 23 4 24 3 25 2 26 8 27 5 28 3 29 5 30 7 31 4 32 6 33 7 34 2 35 6 36 3 37 4 38 3 39 9 40 10 41 7 42 2 43 10 44 6 45 1 46 6 47 10 48 7 49 3 50 7;
param besoinRessource : 1 2 3 4 :=
                    1   3 5 6 2
                    2   2 7 8 2
                    3   3 7 1 1
                    4   4 1 6 1
                    5   4 8 4 1
                    6   3 1 1 1
                    7   1 7 6 1
                    8   1 1 0 1
                    9   3 3 9 1
                    10   1 7 4 1
                    11   1 5 10 1
                    12   1 2 0 1
                    13   2 1 8 2
                    14   3 6 1 1
                    15   2 2 7 1
                    16   2 5 3 2
                    17   2 2 2 1
                    18   3 5 5 2
                    19   4 4 0 2
                    20   3 8 1 2
                    21   3 2 8 1
                    22   2 5 9 2
                    23   4 4 2 1
                    24   2 8 0 2
                    25   4 8 3 2
                    26   3 1 5 1
                    27   3 8 0 2
                    28   2 6 5 2
                    29   1 5 9 2
                    30   4 1 2 2
                    31   2 4 2 2
                    32   2 8 3 2
                    33   4 7 3 1
                    34   4 7 4 1
                    35   3 2 4 1
                    36   3 4 9 2
                    37   4 1 0 2
                    38   1 3 4 2
                    39   2 3 9 2
                    40   4 4 5 2
                    41   1 1 2 1
                    42   2 1 4 2
                    43   4 2 10 2
                    44   4 2 10 2
                    45   3 5 10 2
                    46   2 7 8 2
                    47   2 3 2 1
                    48   1 3 6 2
                    49   4 2 2 2
                    50   1 2 8 2;
param nombreMachine := 5;
param capaciteRessource : 1 2 3 4 :=
                    1     6 10 20 5
                    2     6 16 17 5
                    3     6 10 17 4
                    4     6 13 17 5
                    5     7 14 20 7
end;

