data;
param nombreTypeRessource := 4;
param nombreJob := 50;
param job duree := 1 4 2 2 3 2 4 9 5 4 6 10 7 6 8 5 9 8 10 1 11 3 12 7 13 1 14 10 15 3 16 9 17 7 18 4 19 5 20 1 21 10 22 4 23 9 24 1 25 9 26 10 27 8 28 5 29 10 30 3 31 5 32 7 33 4 34 1 35 8 36 9 37 4 38 9 39 9 40 4 41 9 42 5 43 6 44 2 45 5 46 5 47 10 48 3 49 8 50 1;
param besoinRessource : 1 2 3 4 :=
                    1   3 7 0 2
                    2   2 6 5 1
                    3   1 6 8 1
                    4   4 3 1 1
                    5   2 1 2 2
                    6   2 8 5 2
                    7   3 1 5 2
                    8   4 4 1 1
                    9   1 2 6 2
                    10   1 5 7 2
                    11   1 3 8 2
                    12   1 8 8 1
                    13   3 3 2 1
                    14   2 8 9 2
                    15   4 8 10 1
                    16   3 6 4 2
                    17   4 1 9 1
                    18   1 3 3 1
                    19   1 2 4 2
                    20   4 4 10 2
                    21   3 2 2 1
                    22   4 4 2 2
                    23   4 7 6 1
                    24   3 7 0 1
                    25   1 2 3 1
                    26   4 2 6 2
                    27   3 7 5 2
                    28   4 3 4 1
                    29   3 6 10 2
                    30   1 6 5 1
                    31   4 4 3 2
                    32   2 3 1 2
                    33   1 2 0 2
                    34   2 5 6 2
                    35   3 8 4 2
                    36   3 3 1 2
                    37   1 6 0 1
                    38   4 6 0 1
                    39   2 1 3 1
                    40   2 1 7 2
                    41   2 6 8 2
                    42   4 3 10 1
                    43   1 1 4 1
                    44   3 7 0 1
                    45   1 8 2 2
                    46   3 8 3 1
                    47   3 6 5 1
                    48   3 5 2 1
                    49   3 4 1 2
                    50   3 4 10 2;
param nombreMachine := 5;
param capaciteRessource : 1 2 3 4 :=
                    1     7 15 20 7
                    2     6 12 14 4
                    3     8 15 15 5
                    4     6 16 15 7
                    5     8 16 20 4
end;

