data;
param nombreTypeRessource := 4;
param nombreJob := 70;
param job duree := 1 6 2 4 3 6 4 7 5 2 6 8 7 6 8 7 9 2 10 10 11 7 12 3 13 6 14 7 15 3 16 2 17 1 18 2 19 10 20 3 21 6 22 1 23 4 24 3 25 3 26 2 27 1 28 6 29 5 30 9 31 2 32 7 33 5 34 8 35 10 36 3 37 4 38 6 39 5 40 7 41 6 42 10 43 7 44 1 45 6 46 5 47 3 48 10 49 5 50 5 51 4 52 2 53 2 54 10 55 8 56 8 57 9 58 10 59 3 60 5 61 4 62 1 63 3 64 6 65 10 66 4 67 3 68 8 69 6 70 5;
param besoinRessource : 1 2 3 4 :=
                    1   1 7 10 1
                    2   2 4 6 2
                    3   1 1 4 1
                    4   3 7 10 2
                    5   1 1 1 2
                    6   3 3 4 1
                    7   1 7 5 1
                    8   2 7 8 1
                    9   3 2 6 2
                    10   1 3 1 1
                    11   1 2 5 1
                    12   4 3 2 1
                    13   3 7 7 1
                    14   4 5 6 1
                    15   2 7 4 2
                    16   1 5 8 1
                    17   1 1 3 2
                    18   1 6 3 2
                    19   4 4 10 1
                    20   2 6 7 1
                    21   1 8 4 2
                    22   1 8 4 1
                    23   1 3 4 2
                    24   2 8 8 1
                    25   2 1 3 2
                    26   3 1 5 2
                    27   1 5 7 1
                    28   2 6 1 2
                    29   4 8 8 2
                    30   1 6 4 2
                    31   4 6 0 2
                    32   1 6 8 2
                    33   3 4 1 2
                    34   2 1 8 1
                    35   4 3 0 1
                    36   2 1 9 2
                    37   1 7 0 2
                    38   4 1 0 1
                    39   2 6 3 2
                    40   4 2 10 2
                    41   4 1 0 2
                    42   4 8 4 1
                    43   4 8 9 1
                    44   2 2 10 2
                    45   1 8 4 1
                    46   3 4 5 2
                    47   1 8 0 2
                    48   2 3 2 2
                    49   1 2 1 2
                    50   4 4 4 1
                    51   1 7 9 2
                    52   4 4 3 1
                    53   3 6 2 2
                    54   1 4 9 1
                    55   4 1 2 1
                    56   1 5 10 2
                    57   1 4 10 2
                    58   1 1 6 1
                    59   2 5 7 2
                    60   2 5 3 1
                    61   1 8 0 2
                    62   4 1 2 2
                    63   3 8 9 1
                    64   4 2 5 2
                    65   1 4 8 1
                    66   2 3 8 1
                    67   4 7 1 2
                    68   3 1 1 2
                    69   2 8 3 2
                    70   3 2 7 2;
param nombreMachine := 5;
param capaciteRessource : 1 2 3 4 :=
                    1     7 12 15 4
                    2     8 15 12 6
                    3     6 15 13 5
                    4     7 15 18 4
                    5     7 10 16 7
end;

