data;
param nombreTypeRessource := 4;
param nombreJob := 70;
param job duree := 1 8 2 2 3 2 4 1 5 3 6 9 7 7 8 9 9 6 10 4 11 8 12 8 13 8 14 4 15 5 16 3 17 6 18 9 19 6 20 7 21 9 22 9 23 4 24 7 25 8 26 2 27 9 28 4 29 10 30 4 31 2 32 1 33 8 34 5 35 3 36 9 37 2 38 5 39 8 40 1 41 9 42 3 43 3 44 2 45 4 46 9 47 9 48 7 49 2 50 9 51 10 52 1 53 2 54 3 55 1 56 10 57 8 58 4 59 8 60 8 61 8 62 4 63 4 64 6 65 5 66 6 67 3 68 10 69 5 70 6;
param besoinRessource : 1 2 3 4 :=
                    1   3 1 3 1
                    2   1 4 3 2
                    3   1 4 9 2
                    4   1 7 5 1
                    5   1 4 10 1
                    6   1 4 10 2
                    7   2 3 3 1
                    8   1 6 2 2
                    9   1 6 5 1
                    10   1 3 0 2
                    11   4 1 2 2
                    12   3 3 7 1
                    13   1 8 8 2
                    14   2 1 9 1
                    15   2 4 4 2
                    16   2 7 8 2
                    17   4 7 10 1
                    18   4 8 7 2
                    19   1 5 7 2
                    20   1 7 0 2
                    21   1 4 1 2
                    22   2 1 6 1
                    23   3 6 6 1
                    24   4 3 0 1
                    25   2 7 10 1
                    26   4 8 7 1
                    27   3 5 2 1
                    28   1 2 10 1
                    29   2 8 8 1
                    30   1 2 8 1
                    31   2 1 7 2
                    32   1 3 6 2
                    33   1 3 3 1
                    34   3 5 9 2
                    35   4 2 4 2
                    36   3 2 10 2
                    37   3 4 2 1
                    38   3 2 10 2
                    39   3 2 9 1
                    40   4 4 4 1
                    41   3 5 6 1
                    42   1 3 3 1
                    43   4 3 7 2
                    44   1 3 8 2
                    45   3 8 5 1
                    46   3 8 7 1
                    47   1 7 8 2
                    48   4 3 8 2
                    49   4 7 5 2
                    50   3 6 6 2
                    51   2 1 10 1
                    52   1 1 9 1
                    53   2 4 8 2
                    54   4 5 1 2
                    55   1 1 9 2
                    56   4 3 10 1
                    57   1 5 7 2
                    58   3 2 9 2
                    59   3 8 7 2
                    60   1 1 10 2
                    61   1 2 3 1
                    62   2 5 2 1
                    63   2 8 1 1
                    64   4 8 9 2
                    65   4 2 5 1
                    66   4 2 5 1
                    67   2 2 2 1
                    68   1 5 4 1
                    69   2 1 0 2
                    70   4 6 10 2;
param nombreMachine := 5;
param capaciteRessource : 1 2 3 4 :=
                    1     6 12 17 5
                    2     6 10 20 7
                    3     8 14 15 5
                    4     8 14 13 5
                    5     6 13 12 6
end;

