data;
param nombreTypeRessource := 4;
param nombreJob := 70;
param job duree := 1 4 2 10 3 6 4 8 5 2 6 5 7 8 8 1 9 3 10 7 11 1 12 1 13 8 14 3 15 5 16 5 17 1 18 5 19 5 20 4 21 2 22 3 23 10 24 5 25 6 26 8 27 6 28 7 29 1 30 8 31 7 32 9 33 6 34 8 35 9 36 6 37 10 38 8 39 5 40 9 41 9 42 9 43 7 44 6 45 5 46 4 47 8 48 6 49 4 50 10 51 10 52 6 53 1 54 1 55 5 56 1 57 8 58 2 59 2 60 10 61 8 62 8 63 3 64 8 65 4 66 3 67 7 68 7 69 1 70 5;
param besoinRessource : 1 2 3 4 :=
                    1   3 1 8 2
                    2   1 3 7 2
                    3   1 7 8 2
                    4   4 7 6 2
                    5   1 8 7 2
                    6   4 3 6 1
                    7   2 1 6 2
                    8   2 6 7 1
                    9   4 1 6 1
                    10   3 1 4 2
                    11   2 8 8 2
                    12   1 4 0 2
                    13   1 3 10 2
                    14   2 1 6 2
                    15   2 7 10 1
                    16   3 7 1 1
                    17   1 8 9 2
                    18   2 4 8 1
                    19   3 5 0 2
                    20   4 3 9 1
                    21   2 2 10 1
                    22   1 4 6 1
                    23   1 2 6 2
                    24   3 2 9 1
                    25   1 6 10 2
                    26   1 4 0 1
                    27   2 1 8 1
                    28   1 7 0 1
                    29   3 5 8 1
                    30   3 4 3 1
                    31   4 1 8 1
                    32   3 7 8 1
                    33   2 7 3 1
                    34   3 7 6 1
                    35   4 6 3 1
                    36   3 5 8 1
                    37   3 3 0 2
                    38   1 5 0 2
                    39   4 3 2 1
                    40   2 4 9 1
                    41   4 6 7 2
                    42   3 4 6 2
                    43   1 8 1 2
                    44   3 7 6 2
                    45   1 6 2 1
                    46   3 4 1 2
                    47   3 2 6 2
                    48   3 8 3 2
                    49   1 3 5 1
                    50   1 2 0 2
                    51   1 2 5 2
                    52   2 8 5 2
                    53   2 1 7 1
                    54   3 4 9 2
                    55   4 5 5 1
                    56   2 6 6 1
                    57   3 6 8 2
                    58   4 5 10 2
                    59   3 6 4 2
                    60   3 5 7 1
                    61   2 3 0 1
                    62   4 7 3 1
                    63   2 4 10 2
                    64   1 6 1 2
                    65   1 3 9 2
                    66   2 2 9 2
                    67   4 1 3 1
                    68   2 3 0 1
                    69   1 7 3 1
                    70   4 8 0 2;
param nombreMachine := 5;
param capaciteRessource : 1 2 3 4 :=
                    1     6 14 19 6
                    2     6 13 20 7
                    3     6 13 15 5
                    4     8 14 14 5
                    5     6 14 20 8
end;

