data;
param nombreTypeRessource := 4;
param nombreJob := 70;
param job duree := 1 3 2 6 3 3 4 6 5 1 6 7 7 1 8 8 9 9 10 7 11 4 12 7 13 5 14 10 15 4 16 6 17 2 18 2 19 7 20 7 21 6 22 8 23 5 24 7 25 5 26 9 27 8 28 9 29 7 30 7 31 9 32 8 33 8 34 6 35 8 36 5 37 7 38 10 39 7 40 4 41 4 42 5 43 2 44 5 45 10 46 9 47 1 48 1 49 2 50 2 51 10 52 3 53 3 54 5 55 8 56 1 57 4 58 10 59 2 60 6 61 6 62 2 63 4 64 1 65 1 66 3 67 5 68 10 69 2 70 3;
param besoinRessource : 1 2 3 4 :=
                    1   3 6 2 1
                    2   4 5 1 2
                    3   2 5 8 1
                    4   3 1 3 2
                    5   3 4 5 2
                    6   3 1 5 2
                    7   1 8 7 1
                    8   4 8 10 1
                    9   1 6 9 1
                    10   3 3 10 2
                    11   4 4 7 1
                    12   2 8 9 1
                    13   3 5 0 1
                    14   1 3 6 2
                    15   1 8 3 1
                    16   4 5 1 1
                    17   2 1 9 1
                    18   4 5 8 2
                    19   2 6 3 1
                    20   4 1 6 2
                    21   1 5 9 1
                    22   1 8 10 1
                    23   2 6 3 2
                    24   4 5 3 1
                    25   2 8 0 1
                    26   2 8 7 1
                    27   2 2 5 1
                    28   2 2 9 1
                    29   2 8 5 1
                    30   4 1 9 2
                    31   1 1 4 2
                    32   2 6 9 1
                    33   3 1 8 1
                    34   1 7 5 1
                    35   3 2 7 1
                    36   4 2 1 2
                    37   4 6 6 2
                    38   1 2 5 1
                    39   4 5 9 2
                    40   4 7 8 1
                    41   4 2 6 1
                    42   3 6 2 2
                    43   1 4 7 1
                    44   1 8 0 1
                    45   4 7 6 1
                    46   3 6 6 2
                    47   2 5 7 2
                    48   1 4 1 2
                    49   2 1 8 2
                    50   1 1 9 1
                    51   2 6 2 1
                    52   3 8 8 2
                    53   2 2 4 1
                    54   2 3 5 2
                    55   4 8 8 1
                    56   1 7 3 1
                    57   4 1 6 1
                    58   3 4 1 1
                    59   2 2 3 1
                    60   3 7 3 1
                    61   2 8 3 2
                    62   2 7 3 2
                    63   3 1 8 1
                    64   2 7 9 1
                    65   4 1 0 1
                    66   2 4 7 1
                    67   4 7 8 2
                    68   4 3 8 2
                    69   2 8 8 1
                    70   3 1 3 1;
param nombreMachine := 5;
param capaciteRessource : 1 2 3 4 :=
                    1     8 14 19 7
                    2     8 10 18 6
                    3     6 13 17 6
                    4     7 16 14 7
                    5     8 16 18 8
end;

