data;
param nombreTypeRessource := 4;
param nombreJob := 70;
param job duree := 1 1 2 5 3 10 4 4 5 7 6 8 7 6 8 10 9 8 10 7 11 10 12 10 13 6 14 10 15 5 16 7 17 2 18 2 19 3 20 6 21 10 22 1 23 9 24 1 25 2 26 1 27 1 28 8 29 5 30 10 31 6 32 3 33 6 34 5 35 2 36 1 37 10 38 3 39 1 40 6 41 9 42 10 43 2 44 2 45 3 46 7 47 7 48 5 49 8 50 1 51 1 52 5 53 5 54 5 55 2 56 2 57 2 58 2 59 3 60 9 61 5 62 8 63 10 64 2 65 1 66 1 67 8 68 7 69 6 70 9;
param besoinRessource : 1 2 3 4 :=
                    1   4 4 4 2
                    2   2 2 6 1
                    3   1 1 3 2
                    4   2 6 2 2
                    5   4 6 6 2
                    6   3 3 5 1
                    7   1 4 6 2
                    8   1 5 7 1
                    9   1 6 8 1
                    10   4 5 4 2
                    11   2 6 10 1
                    12   3 7 10 1
                    13   2 4 3 2
                    14   4 6 5 2
                    15   3 4 3 1
                    16   1 1 7 2
                    17   4 1 7 2
                    18   2 1 7 2
                    19   1 7 9 2
                    20   1 1 8 2
                    21   3 4 10 2
                    22   2 7 7 2
                    23   4 7 6 2
                    24   2 2 6 2
                    25   4 4 7 1
                    26   2 8 10 1
                    27   4 7 4 1
                    28   1 5 10 1
                    29   2 3 3 2
                    30   3 6 9 1
                    31   4 8 3 2
                    32   4 6 6 2
                    33   2 7 6 1
                    34   2 4 7 1
                    35   2 1 10 2
                    36   2 4 2 1
                    37   1 4 0 1
                    38   4 8 8 2
                    39   1 7 6 2
                    40   1 4 8 1
                    41   3 4 2 2
                    42   3 1 7 2
                    43   4 8 6 1
                    44   4 5 3 1
                    45   2 3 10 2
                    46   3 7 3 1
                    47   1 5 3 2
                    48   2 1 9 1
                    49   4 6 1 1
                    50   3 5 3 2
                    51   1 4 0 1
                    52   1 6 3 2
                    53   3 5 0 2
                    54   1 1 4 2
                    55   1 2 8 2
                    56   1 4 9 1
                    57   1 2 10 2
                    58   3 2 4 2
                    59   3 6 6 2
                    60   1 6 5 1
                    61   4 7 8 1
                    62   4 7 9 1
                    63   1 8 0 2
                    64   4 5 6 1
                    65   4 6 7 2
                    66   4 7 6 2
                    67   1 1 0 1
                    68   2 8 8 2
                    69   3 4 9 1
                    70   1 2 8 2;
param nombreMachine := 5;
param capaciteRessource : 1 2 3 4 :=
                    1     8 13 19 5
                    2     7 11 12 6
                    3     7 15 19 4
                    4     7 15 18 7
                    5     7 11 20 6
end;

