data;
param nombreTypeRessource := 4;
param nombreJob := 70;
param job duree := 1 6 2 8 3 7 4 2 5 4 6 6 7 4 8 2 9 1 10 6 11 8 12 8 13 7 14 4 15 10 16 4 17 1 18 2 19 5 20 4 21 7 22 10 23 7 24 1 25 2 26 6 27 5 28 1 29 4 30 3 31 2 32 8 33 7 34 3 35 4 36 6 37 4 38 1 39 5 40 7 41 4 42 4 43 7 44 9 45 7 46 3 47 4 48 3 49 6 50 1 51 4 52 4 53 2 54 4 55 1 56 8 57 7 58 2 59 5 60 1 61 10 62 4 63 8 64 5 65 7 66 4 67 6 68 1 69 6 70 4;
param besoinRessource : 1 2 3 4 :=
                    1   1 3 8 2
                    2   2 1 7 1
                    3   2 3 5 1
                    4   3 8 2 1
                    5   2 2 6 2
                    6   4 7 3 1
                    7   3 4 5 2
                    8   3 1 5 2
                    9   3 1 5 1
                    10   2 5 4 1
                    11   1 2 4 1
                    12   2 2 2 2
                    13   1 2 4 1
                    14   2 5 9 1
                    15   2 4 3 2
                    16   1 8 4 1
                    17   1 8 0 2
                    18   2 5 5 2
                    19   4 8 7 2
                    20   2 8 0 1
                    21   2 3 10 2
                    22   1 5 7 2
                    23   2 4 6 1
                    24   4 7 10 2
                    25   2 8 3 2
                    26   3 7 8 1
                    27   4 4 2 2
                    28   1 8 0 2
                    29   2 1 10 1
                    30   1 1 2 2
                    31   1 5 7 2
                    32   2 6 8 2
                    33   1 1 9 2
                    34   3 4 10 1
                    35   2 4 3 1
                    36   3 8 8 1
                    37   2 3 4 2
                    38   4 3 4 2
                    39   3 1 0 2
                    40   3 3 10 1
                    41   4 5 9 2
                    42   2 5 5 1
                    43   2 5 10 2
                    44   2 8 5 2
                    45   2 7 7 1
                    46   2 2 7 2
                    47   3 6 5 1
                    48   1 7 8 1
                    49   4 7 10 1
                    50   1 8 10 2
                    51   2 5 0 2
                    52   1 8 8 2
                    53   3 4 0 2
                    54   3 1 10 1
                    55   1 7 1 2
                    56   2 4 2 1
                    57   3 6 8 2
                    58   1 6 5 1
                    59   4 7 10 2
                    60   1 2 3 2
                    61   3 8 7 2
                    62   2 8 9 1
                    63   2 4 4 1
                    64   2 4 0 1
                    65   4 3 2 2
                    66   1 7 4 2
                    67   4 8 4 2
                    68   2 1 3 2
                    69   3 8 7 1
                    70   3 4 0 2;
param nombreMachine := 5;
param capaciteRessource : 1 2 3 4 :=
                    1     6 12 20 8
                    2     7 12 13 4
                    3     6 13 18 4
                    4     8 16 13 4
                    5     6 12 19 6
end;

