data;
param nombreTypeRessource := 4;
param nombreJob := 70;
param job duree := 1 9 2 2 3 2 4 6 5 1 6 2 7 7 8 1 9 9 10 5 11 7 12 3 13 1 14 7 15 9 16 7 17 8 18 8 19 9 20 2 21 10 22 1 23 2 24 2 25 5 26 1 27 3 28 1 29 10 30 9 31 4 32 3 33 1 34 7 35 7 36 5 37 4 38 8 39 8 40 3 41 4 42 9 43 5 44 6 45 1 46 1 47 5 48 8 49 3 50 8 51 5 52 5 53 4 54 9 55 2 56 6 57 8 58 4 59 7 60 4 61 4 62 3 63 3 64 4 65 3 66 4 67 10 68 10 69 9 70 3;
param besoinRessource : 1 2 3 4 :=
                    1   3 8 3 2
                    2   3 2 10 1
                    3   3 4 3 1
                    4   1 2 8 2
                    5   1 8 9 2
                    6   4 3 5 1
                    7   4 7 6 2
                    8   3 3 1 2
                    9   3 7 10 1
                    10   3 1 2 1
                    11   2 3 6 2
                    12   2 1 9 2
                    13   1 1 0 2
                    14   1 6 6 1
                    15   4 2 1 1
                    16   2 8 6 1
                    17   2 7 9 2
                    18   3 6 9 2
                    19   3 4 1 1
                    20   2 3 5 1
                    21   2 4 3 1
                    22   2 8 0 2
                    23   4 4 8 2
                    24   1 6 3 2
                    25   3 1 1 1
                    26   4 3 10 1
                    27   3 6 1 1
                    28   4 7 5 1
                    29   2 4 8 1
                    30   2 3 5 1
                    31   1 5 2 1
                    32   4 4 8 1
                    33   4 7 2 1
                    34   2 4 7 2
                    35   1 8 3 2
                    36   2 3 7 2
                    37   1 5 5 1
                    38   3 7 7 2
                    39   1 5 6 2
                    40   2 2 5 1
                    41   4 8 7 1
                    42   2 4 6 2
                    43   2 2 1 2
                    44   1 5 10 1
                    45   1 4 5 1
                    46   1 2 5 1
                    47   2 3 7 2
                    48   2 1 7 1
                    49   2 3 10 1
                    50   3 8 0 2
                    51   2 2 10 2
                    52   2 1 10 2
                    53   1 7 7 2
                    54   3 7 9 2
                    55   2 2 6 2
                    56   1 8 0 2
                    57   3 8 9 2
                    58   4 5 0 2
                    59   1 3 9 1
                    60   1 1 9 2
                    61   1 4 0 2
                    62   4 3 5 2
                    63   3 6 7 1
                    64   2 6 8 1
                    65   2 8 5 1
                    66   4 6 4 1
                    67   2 5 6 2
                    68   1 3 7 1
                    69   2 2 4 1
                    70   4 7 7 1;
param nombreMachine := 5;
param capaciteRessource : 1 2 3 4 :=
                    1     8 11 14 8
                    2     7 12 19 8
                    3     8 15 18 8
                    4     7 15 14 6
                    5     6 16 18 7
end;

