data;
param nombreTypeRessource := 4;
param nombreJob := 70;
param job duree := 1 6 2 10 3 3 4 4 5 1 6 7 7 4 8 1 9 4 10 3 11 4 12 7 13 2 14 1 15 4 16 7 17 1 18 2 19 9 20 8 21 10 22 9 23 2 24 2 25 1 26 1 27 1 28 10 29 9 30 1 31 4 32 5 33 1 34 10 35 4 36 7 37 10 38 7 39 8 40 4 41 1 42 3 43 4 44 4 45 1 46 10 47 9 48 10 49 3 50 3 51 2 52 1 53 2 54 1 55 4 56 8 57 1 58 5 59 1 60 9 61 4 62 4 63 2 64 1 65 3 66 9 67 2 68 8 69 1 70 5;
param besoinRessource : 1 2 3 4 :=
                    1   2 5 2 1
                    2   4 7 2 2
                    3   3 8 10 1
                    4   4 5 5 2
                    5   3 8 10 2
                    6   1 8 3 1
                    7   1 3 3 2
                    8   3 5 1 1
                    9   2 1 3 1
                    10   4 7 2 1
                    11   2 5 6 2
                    12   2 6 10 2
                    13   1 3 2 1
                    14   1 4 2 2
                    15   3 5 5 1
                    16   1 8 7 1
                    17   2 8 0 2
                    18   2 4 1 2
                    19   4 6 0 2
                    20   1 6 9 2
                    21   2 7 7 2
                    22   3 3 5 2
                    23   4 1 9 2
                    24   4 3 6 2
                    25   2 1 8 1
                    26   4 6 7 2
                    27   1 3 4 1
                    28   2 8 9 1
                    29   2 6 0 2
                    30   2 5 1 1
                    31   2 3 8 2
                    32   4 8 2 2
                    33   3 6 2 2
                    34   3 4 7 1
                    35   4 4 1 1
                    36   1 6 7 2
                    37   2 4 9 1
                    38   4 4 2 2
                    39   4 6 7 1
                    40   4 3 7 1
                    41   3 7 4 1
                    42   4 7 5 1
                    43   2 8 7 1
                    44   1 2 6 1
                    45   2 7 1 1
                    46   4 5 2 1
                    47   2 4 8 1
                    48   3 6 8 2
                    49   1 6 5 1
                    50   4 6 9 2
                    51   1 1 10 1
                    52   4 2 10 2
                    53   4 5 9 2
                    54   2 3 2 2
                    55   1 8 4 1
                    56   3 8 0 2
                    57   3 6 6 2
                    58   2 7 7 1
                    59   4 8 3 2
                    60   4 6 1 2
                    61   2 4 0 2
                    62   4 2 3 2
                    63   3 6 10 2
                    64   4 4 10 1
                    65   1 1 4 2
                    66   3 7 7 2
                    67   3 3 8 2
                    68   4 6 3 1
                    69   4 5 7 1
                    70   1 1 2 1;
param nombreMachine := 5;
param capaciteRessource : 1 2 3 4 :=
                    1     8 14 18 8
                    2     7 10 20 4
                    3     8 15 18 7
                    4     6 10 17 6
                    5     7 14 16 8
end;

