data;
param nombreTypeRessource := 4;
param nombreJob := 70;
param job duree := 1 3 2 6 3 10 4 6 5 10 6 9 7 9 8 10 9 8 10 8 11 1 12 6 13 10 14 9 15 1 16 6 17 5 18 6 19 4 20 4 21 1 22 4 23 7 24 9 25 5 26 3 27 3 28 8 29 1 30 3 31 7 32 7 33 6 34 2 35 8 36 8 37 7 38 10 39 10 40 1 41 7 42 3 43 6 44 10 45 8 46 8 47 5 48 8 49 9 50 3 51 5 52 1 53 1 54 6 55 8 56 3 57 2 58 1 59 6 60 3 61 10 62 1 63 10 64 7 65 1 66 3 67 9 68 4 69 7 70 6;
param besoinRessource : 1 2 3 4 :=
                    1   1 5 9 1
                    2   3 1 3 1
                    3   3 2 8 2
                    4   2 2 6 1
                    5   1 2 0 2
                    6   2 1 7 1
                    7   1 1 9 2
                    8   2 8 10 1
                    9   2 6 4 1
                    10   4 8 10 1
                    11   2 1 6 2
                    12   1 3 9 1
                    13   2 6 0 2
                    14   1 1 5 2
                    15   1 5 3 1
                    16   3 4 7 2
                    17   4 6 10 1
                    18   4 3 2 2
                    19   3 8 7 2
                    20   4 6 5 1
                    21   2 2 6 2
                    22   1 2 2 2
                    23   3 6 8 2
                    24   1 5 7 1
                    25   2 4 0 2
                    26   4 8 10 2
                    27   1 5 9 2
                    28   1 8 7 2
                    29   4 7 3 2
                    30   4 6 8 1
                    31   3 4 2 1
                    32   1 2 2 2
                    33   2 2 0 1
                    34   3 2 5 2
                    35   1 6 10 2
                    36   4 1 4 2
                    37   1 4 8 1
                    38   1 7 4 1
                    39   4 4 9 1
                    40   2 2 7 1
                    41   1 8 2 2
                    42   4 5 6 2
                    43   3 5 6 1
                    44   1 7 0 2
                    45   2 2 3 1
                    46   1 8 8 1
                    47   1 8 3 1
                    48   4 6 2 2
                    49   4 2 7 1
                    50   1 2 8 1
                    51   1 4 10 1
                    52   2 4 9 1
                    53   1 5 6 2
                    54   4 4 7 2
                    55   4 8 0 1
                    56   3 6 3 1
                    57   4 2 10 2
                    58   2 1 1 2
                    59   4 6 10 1
                    60   4 3 9 2
                    61   1 8 0 2
                    62   4 5 10 1
                    63   1 4 7 1
                    64   1 3 3 2
                    65   1 3 0 1
                    66   1 1 3 1
                    67   4 6 2 1
                    68   4 8 8 2
                    69   1 7 2 2
                    70   3 8 8 1;
param nombreMachine := 5;
param capaciteRessource : 1 2 3 4 :=
                    1     7 12 18 7
                    2     8 14 12 4
                    3     7 12 15 4
                    4     6 15 12 8
                    5     6 10 12 8
end;

