data;
param nombreTypeRessource := 4;
param nombreJob := 70;
param job duree := 1 6 2 2 3 10 4 8 5 7 6 4 7 10 8 6 9 4 10 7 11 6 12 9 13 2 14 8 15 7 16 7 17 3 18 4 19 7 20 7 21 2 22 5 23 5 24 6 25 5 26 9 27 7 28 9 29 3 30 6 31 9 32 4 33 4 34 9 35 3 36 10 37 8 38 8 39 1 40 4 41 1 42 10 43 3 44 6 45 2 46 4 47 10 48 9 49 2 50 7 51 8 52 4 53 5 54 4 55 10 56 1 57 7 58 8 59 2 60 5 61 2 62 7 63 6 64 1 65 3 66 9 67 7 68 5 69 5 70 6;
param besoinRessource : 1 2 3 4 :=
                    1   3 3 1 2
                    2   1 8 10 1
                    3   2 8 8 1
                    4   2 1 6 1
                    5   1 1 0 1
                    6   3 4 1 1
                    7   2 1 0 2
                    8   3 3 8 1
                    9   3 1 7 2
                    10   3 8 7 2
                    11   1 6 0 2
                    12   3 2 1 1
                    13   2 4 10 1
                    14   2 8 5 2
                    15   4 7 4 2
                    16   1 4 4 1
                    17   4 1 6 1
                    18   4 1 4 2
                    19   4 4 8 1
                    20   1 4 0 1
                    21   4 2 4 2
                    22   3 4 6 1
                    23   1 8 6 1
                    24   4 5 6 2
                    25   4 4 1 2
                    26   2 7 9 2
                    27   3 1 3 2
                    28   2 3 4 2
                    29   3 2 1 1
                    30   3 4 6 2
                    31   4 8 10 2
                    32   1 4 2 2
                    33   4 2 7 1
                    34   3 5 3 1
                    35   2 8 7 1
                    36   3 8 10 1
                    37   3 5 2 2
                    38   3 2 6 1
                    39   2 3 7 2
                    40   2 4 4 1
                    41   1 1 2 1
                    42   2 1 1 1
                    43   3 4 9 2
                    44   4 1 9 1
                    45   1 5 8 2
                    46   1 1 9 2
                    47   1 2 3 2
                    48   2 3 2 2
                    49   3 5 10 1
                    50   1 8 7 2
                    51   1 8 10 1
                    52   1 1 10 1
                    53   2 1 10 1
                    54   1 1 9 2
                    55   2 7 9 1
                    56   2 6 10 2
                    57   2 2 9 2
                    58   1 3 5 1
                    59   1 3 4 2
                    60   1 6 6 2
                    61   3 8 6 2
                    62   3 7 3 2
                    63   2 1 6 2
                    64   1 3 10 1
                    65   4 4 3 2
                    66   2 3 3 2
                    67   2 3 0 2
                    68   1 7 8 2
                    69   3 3 1 1
                    70   3 4 6 2;
param nombreMachine := 5;
param capaciteRessource : 1 2 3 4 :=
                    1     8 15 13 4
                    2     8 16 15 7
                    3     8 12 18 6
                    4     6 12 15 8
                    5     6 15 14 4
end;

