data;
param nombreTypeRessource := 4;
param nombreJob := 70;
param job duree := 1 2 2 7 3 1 4 9 5 3 6 1 7 2 8 4 9 2 10 5 11 1 12 6 13 3 14 8 15 6 16 3 17 1 18 9 19 3 20 7 21 10 22 5 23 3 24 1 25 3 26 7 27 7 28 8 29 7 30 9 31 5 32 10 33 1 34 5 35 2 36 5 37 9 38 1 39 9 40 3 41 4 42 6 43 1 44 2 45 3 46 3 47 10 48 2 49 4 50 8 51 3 52 8 53 10 54 8 55 4 56 10 57 4 58 2 59 10 60 10 61 6 62 1 63 6 64 2 65 10 66 5 67 7 68 8 69 10 70 10;
param besoinRessource : 1 2 3 4 :=
                    1   2 1 4 2
                    2   4 4 3 1
                    3   2 8 6 1
                    4   3 7 5 1
                    5   1 2 6 1
                    6   4 1 6 2
                    7   1 3 9 2
                    8   1 4 2 2
                    9   4 5 3 2
                    10   4 2 7 1
                    11   2 7 5 2
                    12   3 5 10 1
                    13   2 2 10 2
                    14   2 2 6 1
                    15   3 1 2 1
                    16   3 7 6 1
                    17   4 6 5 2
                    18   4 4 9 1
                    19   4 1 7 2
                    20   1 7 0 2
                    21   3 8 9 1
                    22   2 5 10 1
                    23   2 1 10 2
                    24   2 7 1 1
                    25   3 8 9 1
                    26   3 8 6 2
                    27   4 3 3 1
                    28   3 7 5 2
                    29   2 2 8 1
                    30   2 5 7 2
                    31   1 5 10 1
                    32   2 2 2 1
                    33   2 5 9 2
                    34   1 6 5 1
                    35   1 6 8 2
                    36   2 4 6 1
                    37   1 5 8 2
                    38   4 5 7 1
                    39   2 7 0 1
                    40   1 5 6 2
                    41   4 4 10 1
                    42   1 8 1 1
                    43   1 1 5 1
                    44   1 6 2 1
                    45   4 2 0 1
                    46   3 8 3 1
                    47   2 1 10 2
                    48   3 1 7 2
                    49   3 7 5 1
                    50   2 6 0 2
                    51   2 1 7 1
                    52   1 3 0 1
                    53   2 5 2 1
                    54   3 6 5 2
                    55   1 3 9 2
                    56   1 4 6 1
                    57   2 5 0 2
                    58   3 7 7 1
                    59   3 7 9 1
                    60   4 4 9 1
                    61   2 8 6 2
                    62   1 5 7 2
                    63   1 4 3 2
                    64   2 1 4 2
                    65   2 3 5 2
                    66   2 1 3 2
                    67   2 8 2 1
                    68   3 5 6 2
                    69   4 2 2 2
                    70   3 2 10 2;
param nombreMachine := 5;
param capaciteRessource : 1 2 3 4 :=
                    1     7 14 16 4
                    2     8 12 14 4
                    3     7 13 13 6
                    4     8 14 13 5
                    5     6 11 16 6
end;

