data;
param nombreTypeRessource := 4;
param nombreJob := 70;
param job duree := 1 4 2 4 3 5 4 6 5 3 6 10 7 2 8 7 9 3 10 4 11 2 12 5 13 4 14 2 15 4 16 2 17 10 18 3 19 1 20 5 21 9 22 4 23 4 24 7 25 1 26 6 27 1 28 6 29 7 30 10 31 8 32 4 33 7 34 5 35 10 36 1 37 6 38 8 39 8 40 5 41 7 42 6 43 4 44 7 45 4 46 6 47 9 48 2 49 4 50 1 51 6 52 6 53 10 54 9 55 2 56 10 57 6 58 2 59 5 60 10 61 8 62 10 63 4 64 2 65 3 66 1 67 6 68 9 69 7 70 7;
param besoinRessource : 1 2 3 4 :=
                    1   4 4 10 1
                    2   3 7 8 2
                    3   2 1 10 1
                    4   3 8 7 2
                    5   4 4 3 2
                    6   4 2 9 2
                    7   4 6 0 1
                    8   1 7 0 2
                    9   1 7 7 2
                    10   4 2 8 1
                    11   2 7 4 2
                    12   2 1 9 1
                    13   2 1 8 1
                    14   4 1 0 2
                    15   3 4 4 1
                    16   4 2 4 2
                    17   4 2 6 1
                    18   2 2 7 2
                    19   3 5 5 1
                    20   1 8 8 1
                    21   2 6 10 1
                    22   3 8 5 1
                    23   2 6 2 1
                    24   3 5 9 2
                    25   4 1 10 2
                    26   1 4 9 1
                    27   2 5 5 2
                    28   2 1 7 1
                    29   4 5 0 2
                    30   3 2 1 1
                    31   1 6 9 2
                    32   3 3 0 2
                    33   2 8 0 1
                    34   2 4 9 2
                    35   1 4 3 1
                    36   3 7 2 1
                    37   2 2 9 2
                    38   2 2 5 1
                    39   1 4 4 1
                    40   4 5 6 2
                    41   3 3 3 2
                    42   3 1 6 2
                    43   1 6 2 1
                    44   1 7 4 1
                    45   1 6 0 1
                    46   4 8 6 2
                    47   4 2 10 1
                    48   3 8 10 2
                    49   4 3 2 1
                    50   2 7 1 1
                    51   3 3 6 1
                    52   2 7 4 1
                    53   3 7 1 2
                    54   4 6 8 2
                    55   4 8 2 1
                    56   1 1 5 1
                    57   1 7 1 1
                    58   3 3 8 1
                    59   2 4 4 2
                    60   3 2 10 1
                    61   4 8 2 2
                    62   4 6 8 1
                    63   2 8 4 1
                    64   4 7 3 2
                    65   1 3 9 2
                    66   4 3 6 2
                    67   1 6 9 2
                    68   2 1 3 1
                    69   4 6 0 2
                    70   4 8 2 2;
param nombreMachine := 5;
param capaciteRessource : 1 2 3 4 :=
                    1     7 15 16 8
                    2     7 13 20 8
                    3     8 10 18 7
                    4     8 13 13 5
                    5     7 15 19 8
end;

