data;
param nombreTypeRessource := 4;
param nombreJob := 70;
param job duree := 1 2 2 1 3 7 4 9 5 2 6 1 7 9 8 4 9 6 10 9 11 6 12 4 13 4 14 10 15 1 16 8 17 7 18 1 19 7 20 4 21 8 22 4 23 2 24 2 25 4 26 5 27 7 28 8 29 9 30 10 31 7 32 5 33 5 34 5 35 5 36 8 37 3 38 5 39 3 40 8 41 5 42 6 43 9 44 8 45 10 46 1 47 8 48 7 49 4 50 2 51 9 52 8 53 5 54 6 55 6 56 5 57 5 58 9 59 3 60 10 61 2 62 3 63 2 64 4 65 5 66 1 67 7 68 5 69 5 70 1;
param besoinRessource : 1 2 3 4 :=
                    1   1 1 9 2
                    2   2 8 9 2
                    3   4 5 2 2
                    4   3 7 10 2
                    5   3 2 2 2
                    6   3 6 4 1
                    7   2 2 6 2
                    8   3 1 7 1
                    9   2 6 9 2
                    10   2 4 3 1
                    11   4 7 9 1
                    12   3 6 9 2
                    13   1 4 3 1
                    14   3 7 6 2
                    15   2 3 4 1
                    16   3 8 8 1
                    17   2 2 0 2
                    18   1 8 5 2
                    19   3 7 0 2
                    20   3 5 8 1
                    21   3 1 2 1
                    22   4 5 8 1
                    23   3 6 0 2
                    24   4 2 4 1
                    25   1 4 0 1
                    26   4 2 4 2
                    27   2 6 2 1
                    28   1 1 6 1
                    29   4 7 9 2
                    30   4 5 10 1
                    31   4 3 7 2
                    32   2 8 1 1
                    33   3 1 10 1
                    34   3 6 5 2
                    35   2 2 5 1
                    36   1 8 1 1
                    37   1 3 8 2
                    38   2 6 0 1
                    39   3 3 6 2
                    40   3 1 4 2
                    41   2 3 3 2
                    42   2 5 4 2
                    43   1 1 10 1
                    44   1 3 2 1
                    45   4 2 5 2
                    46   4 3 2 1
                    47   4 7 4 1
                    48   1 6 0 2
                    49   4 6 10 1
                    50   2 2 3 1
                    51   2 5 1 1
                    52   1 2 4 2
                    53   2 8 8 2
                    54   1 2 0 2
                    55   4 1 9 2
                    56   4 6 0 1
                    57   4 2 9 1
                    58   1 7 0 1
                    59   4 5 6 2
                    60   4 3 0 1
                    61   4 7 9 2
                    62   2 7 8 1
                    63   3 7 3 1
                    64   3 5 10 2
                    65   1 1 0 2
                    66   4 8 1 1
                    67   3 1 9 2
                    68   3 3 2 1
                    69   3 2 2 1
                    70   1 2 10 1;
param nombreMachine := 5;
param capaciteRessource : 1 2 3 4 :=
                    1     8 10 15 7
                    2     6 14 13 8
                    3     8 11 18 4
                    4     7 11 14 6
                    5     8 16 19 8
end;

