data;
param nombreTypeRessource := 4;
param nombreJob := 70;
param job duree := 1 2 2 2 3 3 4 1 5 5 6 9 7 3 8 8 9 3 10 5 11 10 12 4 13 1 14 5 15 4 16 2 17 5 18 9 19 10 20 8 21 1 22 7 23 3 24 2 25 5 26 3 27 7 28 10 29 3 30 10 31 9 32 10 33 7 34 9 35 3 36 5 37 4 38 1 39 6 40 7 41 4 42 5 43 8 44 7 45 7 46 1 47 5 48 9 49 10 50 10 51 10 52 10 53 2 54 4 55 10 56 3 57 1 58 10 59 1 60 10 61 7 62 3 63 1 64 5 65 4 66 4 67 9 68 2 69 2 70 5;
param besoinRessource : 1 2 3 4 :=
                    1   3 3 7 1
                    2   2 3 2 1
                    3   4 8 1 2
                    4   3 5 8 1
                    5   3 5 6 2
                    6   1 5 10 1
                    7   4 4 8 2
                    8   2 8 7 1
                    9   4 8 6 1
                    10   2 6 0 2
                    11   3 3 9 2
                    12   4 6 1 1
                    13   2 4 0 2
                    14   1 7 7 1
                    15   3 8 9 2
                    16   3 5 1 2
                    17   2 3 5 2
                    18   4 1 6 1
                    19   3 3 3 1
                    20   3 6 1 2
                    21   2 2 6 2
                    22   2 4 1 2
                    23   4 4 7 2
                    24   4 6 5 2
                    25   4 6 1 2
                    26   4 1 9 2
                    27   1 4 5 2
                    28   4 8 3 1
                    29   4 5 4 2
                    30   2 1 2 1
                    31   2 3 9 2
                    32   3 1 0 2
                    33   1 6 0 2
                    34   2 8 2 1
                    35   3 6 1 1
                    36   1 1 3 1
                    37   3 5 5 1
                    38   3 2 9 1
                    39   3 1 9 1
                    40   2 6 10 1
                    41   2 3 4 2
                    42   4 2 9 2
                    43   4 4 6 2
                    44   2 7 4 2
                    45   1 5 6 2
                    46   3 1 5 1
                    47   2 4 4 2
                    48   1 6 1 2
                    49   4 1 3 2
                    50   3 7 6 2
                    51   3 6 6 1
                    52   3 8 6 2
                    53   3 1 10 2
                    54   1 5 8 2
                    55   4 6 6 1
                    56   3 1 0 2
                    57   3 8 4 2
                    58   4 1 5 1
                    59   4 8 8 2
                    60   4 8 10 2
                    61   3 8 0 1
                    62   4 1 5 2
                    63   1 1 7 1
                    64   1 7 2 2
                    65   2 6 6 1
                    66   2 3 9 1
                    67   3 8 6 1
                    68   4 2 2 2
                    69   3 6 6 2
                    70   4 8 8 2;
param nombreMachine := 5;
param capaciteRessource : 1 2 3 4 :=
                    1     7 13 17 7
                    2     6 12 20 7
                    3     6 13 13 7
                    4     8 12 16 8
                    5     6 11 19 7
end;

