data;
param nombreTypeRessource := 4;
param nombreJob := 70;
param job duree := 1 5 2 2 3 10 4 7 5 2 6 2 7 5 8 10 9 8 10 2 11 3 12 7 13 8 14 6 15 6 16 6 17 2 18 3 19 8 20 5 21 6 22 8 23 8 24 9 25 8 26 5 27 6 28 6 29 5 30 4 31 6 32 9 33 9 34 10 35 7 36 9 37 6 38 7 39 3 40 3 41 1 42 6 43 10 44 4 45 9 46 4 47 10 48 6 49 9 50 10 51 8 52 6 53 2 54 6 55 10 56 4 57 5 58 9 59 7 60 3 61 8 62 4 63 5 64 10 65 1 66 9 67 10 68 8 69 6 70 1;
param besoinRessource : 1 2 3 4 :=
                    1   2 8 7 2
                    2   4 8 1 2
                    3   2 3 5 1
                    4   1 1 10 1
                    5   4 4 9 2
                    6   1 5 5 1
                    7   2 4 0 1
                    8   1 7 5 2
                    9   4 6 8 2
                    10   3 7 7 2
                    11   4 4 8 1
                    12   2 8 10 1
                    13   3 7 10 1
                    14   1 7 2 2
                    15   1 1 0 1
                    16   1 6 4 1
                    17   2 7 9 1
                    18   4 5 3 2
                    19   3 3 7 1
                    20   4 8 3 2
                    21   3 3 10 2
                    22   2 3 1 1
                    23   2 4 3 1
                    24   2 2 0 2
                    25   4 8 10 1
                    26   3 8 0 1
                    27   4 7 3 1
                    28   4 5 4 2
                    29   2 4 9 2
                    30   1 8 2 1
                    31   4 7 10 2
                    32   1 2 4 2
                    33   4 4 7 2
                    34   4 1 9 2
                    35   4 7 9 2
                    36   2 6 8 2
                    37   4 5 10 1
                    38   1 4 2 2
                    39   2 2 5 1
                    40   2 5 0 2
                    41   1 4 3 2
                    42   2 3 6 1
                    43   4 1 10 2
                    44   3 4 9 2
                    45   2 8 5 1
                    46   1 6 5 1
                    47   2 1 2 2
                    48   2 5 7 1
                    49   2 4 0 2
                    50   3 5 6 2
                    51   4 4 2 1
                    52   3 2 10 2
                    53   2 2 1 1
                    54   3 1 9 1
                    55   1 1 4 2
                    56   4 3 8 1
                    57   3 6 3 1
                    58   4 5 3 1
                    59   1 2 2 2
                    60   1 4 9 2
                    61   2 1 9 2
                    62   4 4 10 1
                    63   2 1 8 2
                    64   3 7 3 1
                    65   2 2 8 1
                    66   1 1 3 1
                    67   3 6 2 2
                    68   3 5 5 2
                    69   4 1 9 1
                    70   1 4 0 1;
param nombreMachine := 5;
param capaciteRessource : 1 2 3 4 :=
                    1     7 11 19 6
                    2     7 10 12 7
                    3     6 14 15 7
                    4     6 13 14 4
                    5     6 15 17 6
end;

