data;
param nombreTypeRessource := 4;
param nombreJob := 70;
param job duree := 1 3 2 8 3 3 4 9 5 4 6 2 7 8 8 5 9 3 10 6 11 2 12 1 13 5 14 6 15 2 16 8 17 1 18 5 19 2 20 1 21 1 22 4 23 2 24 8 25 10 26 8 27 9 28 7 29 5 30 10 31 4 32 5 33 2 34 4 35 4 36 4 37 3 38 9 39 1 40 10 41 8 42 7 43 6 44 6 45 4 46 3 47 4 48 4 49 6 50 2 51 7 52 3 53 5 54 3 55 9 56 5 57 4 58 2 59 10 60 6 61 9 62 7 63 5 64 1 65 1 66 9 67 5 68 5 69 10 70 2;
param besoinRessource : 1 2 3 4 :=
                    1   2 6 8 2
                    2   3 7 3 1
                    3   4 8 6 2
                    4   2 7 1 1
                    5   3 5 9 1
                    6   3 4 0 2
                    7   3 1 8 2
                    8   4 5 6 2
                    9   4 3 4 2
                    10   4 5 10 1
                    11   2 8 2 2
                    12   3 3 2 1
                    13   1 4 10 2
                    14   2 7 2 2
                    15   4 6 8 2
                    16   2 2 6 1
                    17   3 3 4 2
                    18   3 8 3 1
                    19   1 6 2 1
                    20   4 1 5 2
                    21   3 4 0 2
                    22   3 7 3 1
                    23   2 2 2 2
                    24   3 1 1 1
                    25   3 4 2 1
                    26   1 3 2 1
                    27   1 5 3 1
                    28   4 3 3 1
                    29   4 5 2 2
                    30   1 7 1 1
                    31   4 7 1 2
                    32   1 5 7 1
                    33   1 5 9 1
                    34   2 3 7 1
                    35   1 7 7 1
                    36   3 3 3 1
                    37   4 7 6 1
                    38   3 4 10 1
                    39   2 4 7 2
                    40   1 1 1 2
                    41   4 4 3 2
                    42   1 8 1 2
                    43   4 4 10 2
                    44   2 1 10 2
                    45   2 4 5 2
                    46   1 4 7 1
                    47   2 3 1 2
                    48   1 1 1 2
                    49   2 1 7 1
                    50   3 2 1 2
                    51   2 7 5 1
                    52   2 8 0 2
                    53   1 7 6 2
                    54   2 3 5 2
                    55   2 6 8 1
                    56   3 7 10 1
                    57   2 5 8 1
                    58   1 5 5 2
                    59   3 8 6 2
                    60   2 8 5 2
                    61   3 6 9 2
                    62   4 2 2 2
                    63   2 2 2 1
                    64   1 8 3 1
                    65   4 7 0 1
                    66   2 6 1 1
                    67   3 6 10 1
                    68   4 1 8 2
                    69   1 6 1 1
                    70   1 6 7 1;
param nombreMachine := 5;
param capaciteRessource : 1 2 3 4 :=
                    1     6 15 14 8
                    2     6 11 13 6
                    3     6 11 16 7
                    4     8 13 13 5
                    5     8 16 17 5
end;

