data;
param nombreTypeRessource := 4;
param nombreJob := 70;
param job duree := 1 8 2 6 3 6 4 3 5 3 6 7 7 9 8 7 9 6 10 4 11 2 12 10 13 1 14 8 15 8 16 4 17 5 18 4 19 8 20 7 21 4 22 2 23 4 24 2 25 2 26 8 27 4 28 3 29 10 30 9 31 10 32 3 33 6 34 8 35 2 36 6 37 2 38 10 39 2 40 1 41 6 42 1 43 3 44 1 45 5 46 4 47 2 48 6 49 5 50 9 51 7 52 4 53 1 54 2 55 8 56 8 57 9 58 1 59 6 60 2 61 8 62 3 63 5 64 6 65 3 66 5 67 6 68 6 69 4 70 8;
param besoinRessource : 1 2 3 4 :=
                    1   4 5 9 1
                    2   4 4 7 1
                    3   3 3 2 1
                    4   1 5 6 2
                    5   2 6 3 1
                    6   2 7 1 2
                    7   2 7 6 2
                    8   3 2 5 1
                    9   3 1 3 2
                    10   1 1 5 1
                    11   4 7 10 2
                    12   2 5 6 2
                    13   2 5 3 1
                    14   1 3 9 1
                    15   4 5 2 2
                    16   1 8 10 1
                    17   4 3 5 1
                    18   2 5 0 2
                    19   4 8 5 1
                    20   4 4 6 1
                    21   3 2 10 1
                    22   4 6 5 1
                    23   2 1 7 1
                    24   4 1 1 1
                    25   3 7 9 2
                    26   1 7 9 2
                    27   2 1 2 2
                    28   1 1 6 1
                    29   2 6 0 2
                    30   2 3 5 1
                    31   1 1 0 2
                    32   1 8 7 2
                    33   4 3 8 2
                    34   2 3 6 1
                    35   3 2 3 2
                    36   3 4 0 1
                    37   2 1 0 1
                    38   2 5 1 2
                    39   3 4 7 1
                    40   1 4 2 1
                    41   2 8 6 1
                    42   2 2 8 1
                    43   2 8 4 2
                    44   2 3 4 1
                    45   1 6 8 1
                    46   4 7 2 2
                    47   2 4 8 1
                    48   4 6 6 2
                    49   2 2 3 1
                    50   2 1 7 2
                    51   2 6 1 2
                    52   2 3 9 1
                    53   1 6 10 1
                    54   3 4 3 1
                    55   3 2 10 1
                    56   1 7 3 2
                    57   3 7 6 2
                    58   4 5 6 2
                    59   4 4 9 1
                    60   2 8 2 2
                    61   3 4 9 2
                    62   2 6 6 1
                    63   2 6 6 1
                    64   4 2 9 2
                    65   3 6 7 2
                    66   1 1 9 1
                    67   2 6 2 2
                    68   3 1 9 1
                    69   1 8 8 2
                    70   3 7 10 1;
param nombreMachine := 5;
param capaciteRessource : 1 2 3 4 :=
                    1     6 13 15 8
                    2     8 16 15 5
                    3     6 10 19 7
                    4     7 13 12 4
                    5     7 11 18 5
end;

