data;
param nombreTypeRessource := 4;
param nombreJob := 70;
param job duree := 1 5 2 3 3 1 4 4 5 10 6 3 7 6 8 1 9 8 10 8 11 10 12 7 13 4 14 5 15 3 16 6 17 2 18 1 19 10 20 10 21 2 22 2 23 3 24 5 25 9 26 7 27 10 28 9 29 1 30 9 31 1 32 3 33 3 34 9 35 1 36 7 37 3 38 1 39 1 40 4 41 2 42 7 43 3 44 8 45 10 46 9 47 6 48 8 49 10 50 8 51 7 52 10 53 9 54 4 55 3 56 7 57 10 58 2 59 2 60 1 61 4 62 8 63 3 64 6 65 4 66 6 67 8 68 7 69 3 70 5;
param besoinRessource : 1 2 3 4 :=
                    1   2 8 3 1
                    2   2 5 6 2
                    3   2 8 5 2
                    4   4 3 5 1
                    5   1 3 9 2
                    6   2 6 5 2
                    7   4 7 0 2
                    8   2 2 8 2
                    9   4 5 6 2
                    10   2 8 9 1
                    11   4 3 6 1
                    12   2 7 6 1
                    13   4 2 7 1
                    14   3 6 9 2
                    15   4 5 10 1
                    16   3 1 1 2
                    17   3 3 9 2
                    18   1 3 6 1
                    19   3 6 1 1
                    20   1 1 9 2
                    21   2 5 5 2
                    22   4 5 2 1
                    23   1 6 10 2
                    24   1 7 4 2
                    25   2 5 10 1
                    26   1 7 4 2
                    27   2 8 6 1
                    28   4 5 4 2
                    29   4 5 8 1
                    30   3 2 7 1
                    31   1 2 10 1
                    32   4 5 3 2
                    33   2 8 5 2
                    34   2 1 5 1
                    35   4 6 10 2
                    36   3 6 2 2
                    37   1 1 5 2
                    38   3 7 10 2
                    39   1 2 8 1
                    40   1 7 10 1
                    41   3 6 1 1
                    42   3 2 8 2
                    43   1 7 6 1
                    44   2 8 1 2
                    45   3 3 2 1
                    46   3 8 9 1
                    47   3 7 10 2
                    48   1 3 10 2
                    49   2 4 10 1
                    50   3 8 1 1
                    51   3 6 10 2
                    52   2 4 9 2
                    53   1 7 6 1
                    54   2 7 0 2
                    55   4 2 2 2
                    56   1 8 3 1
                    57   1 3 10 2
                    58   1 7 1 2
                    59   2 3 5 2
                    60   2 6 10 2
                    61   3 2 7 2
                    62   4 6 8 2
                    63   3 4 5 2
                    64   3 3 3 2
                    65   1 2 4 1
                    66   3 7 6 2
                    67   2 8 6 1
                    68   2 4 0 1
                    69   1 5 0 2
                    70   3 2 10 2;
param nombreMachine := 5;
param capaciteRessource : 1 2 3 4 :=
                    1     7 16 16 5
                    2     6 12 19 5
                    3     7 11 17 5
                    4     7 16 14 7
                    5     6 12 17 8
end;

