data;
param nombreTypeRessource := 4;
param nombreJob := 70;
param job duree := 1 10 2 9 3 7 4 10 5 3 6 1 7 9 8 8 9 10 10 8 11 7 12 4 13 10 14 2 15 3 16 8 17 9 18 5 19 8 20 7 21 3 22 9 23 9 24 10 25 9 26 9 27 6 28 8 29 8 30 5 31 3 32 8 33 2 34 6 35 10 36 2 37 8 38 7 39 5 40 5 41 1 42 7 43 3 44 6 45 5 46 5 47 4 48 10 49 10 50 10 51 2 52 10 53 7 54 6 55 5 56 6 57 2 58 10 59 9 60 3 61 5 62 6 63 7 64 2 65 7 66 9 67 7 68 6 69 8 70 9;
param besoinRessource : 1 2 3 4 :=
                    1   1 1 1 1
                    2   1 1 4 1
                    3   3 3 5 2
                    4   1 7 6 2
                    5   3 7 1 1
                    6   2 6 2 1
                    7   2 6 10 1
                    8   4 2 5 2
                    9   4 6 0 2
                    10   4 2 0 1
                    11   2 8 8 1
                    12   1 4 6 1
                    13   1 3 5 1
                    14   2 5 6 2
                    15   1 5 2 2
                    16   3 5 5 2
                    17   3 2 5 2
                    18   2 2 8 1
                    19   2 8 10 2
                    20   1 6 0 1
                    21   4 6 1 1
                    22   4 4 0 2
                    23   1 2 10 1
                    24   4 7 3 1
                    25   4 1 9 1
                    26   4 2 2 2
                    27   4 7 0 1
                    28   2 2 7 1
                    29   3 2 1 1
                    30   2 3 3 2
                    31   3 1 7 1
                    32   2 2 6 2
                    33   1 7 2 1
                    34   1 1 1 2
                    35   4 7 9 1
                    36   3 6 4 1
                    37   2 5 10 2
                    38   2 7 1 2
                    39   2 3 8 2
                    40   4 1 2 2
                    41   2 7 4 1
                    42   3 6 10 2
                    43   1 2 2 1
                    44   4 6 6 1
                    45   4 8 4 1
                    46   4 6 5 1
                    47   1 6 6 1
                    48   4 4 4 2
                    49   3 7 6 1
                    50   1 7 7 1
                    51   1 6 9 2
                    52   1 6 1 1
                    53   4 2 6 2
                    54   1 4 3 2
                    55   3 5 9 1
                    56   4 7 6 2
                    57   2 7 1 2
                    58   4 5 5 2
                    59   4 7 9 1
                    60   1 4 0 1
                    61   3 1 8 2
                    62   4 1 0 1
                    63   1 4 10 1
                    64   1 7 2 2
                    65   4 6 4 1
                    66   1 4 10 1
                    67   2 2 9 2
                    68   2 5 6 2
                    69   1 7 9 1
                    70   3 2 3 2;
param nombreMachine := 5;
param capaciteRessource : 1 2 3 4 :=
                    1     7 12 15 6
                    2     7 10 12 8
                    3     8 11 12 5
                    4     8 13 12 7
                    5     6 14 12 5
end;

