data;
param nombreTypeRessource := 4;
param nombreJob := 70;
param job duree := 1 2 2 5 3 8 4 8 5 5 6 6 7 10 8 3 9 3 10 2 11 6 12 4 13 5 14 8 15 5 16 10 17 8 18 2 19 1 20 5 21 2 22 7 23 4 24 1 25 9 26 4 27 3 28 3 29 5 30 10 31 9 32 10 33 1 34 5 35 3 36 7 37 9 38 6 39 4 40 5 41 6 42 7 43 5 44 8 45 3 46 7 47 4 48 8 49 5 50 9 51 1 52 9 53 1 54 10 55 7 56 2 57 2 58 2 59 4 60 1 61 7 62 6 63 10 64 2 65 4 66 6 67 5 68 10 69 6 70 2;
param besoinRessource : 1 2 3 4 :=
                    1   1 4 7 1
                    2   2 3 1 1
                    3   4 8 2 2
                    4   4 5 3 1
                    5   1 5 2 2
                    6   3 7 3 2
                    7   1 1 9 1
                    8   1 6 6 1
                    9   3 3 1 2
                    10   1 5 7 2
                    11   2 6 10 2
                    12   4 7 1 2
                    13   1 6 7 1
                    14   2 8 6 1
                    15   1 2 9 2
                    16   3 2 4 1
                    17   2 6 10 2
                    18   2 6 2 1
                    19   2 5 9 1
                    20   1 1 0 2
                    21   4 1 3 1
                    22   3 3 2 2
                    23   4 1 10 1
                    24   3 6 0 2
                    25   4 6 8 1
                    26   4 5 0 2
                    27   1 4 2 1
                    28   2 1 2 1
                    29   4 8 10 1
                    30   3 3 8 1
                    31   4 7 2 1
                    32   3 6 2 2
                    33   1 4 10 1
                    34   1 5 2 2
                    35   1 8 8 2
                    36   2 7 8 1
                    37   3 7 1 1
                    38   3 4 5 1
                    39   1 8 4 1
                    40   1 5 3 1
                    41   4 3 0 1
                    42   4 7 5 1
                    43   2 7 10 2
                    44   3 6 8 2
                    45   2 8 4 2
                    46   2 2 4 2
                    47   2 6 6 1
                    48   4 2 8 2
                    49   3 8 1 2
                    50   2 5 6 1
                    51   2 6 9 1
                    52   4 6 7 1
                    53   2 4 8 2
                    54   3 5 4 1
                    55   4 2 7 2
                    56   4 8 8 2
                    57   1 1 0 1
                    58   2 7 5 2
                    59   3 6 0 1
                    60   1 3 2 2
                    61   4 2 8 2
                    62   4 8 4 1
                    63   3 1 6 2
                    64   2 3 2 2
                    65   1 8 4 1
                    66   3 1 9 2
                    67   1 6 8 1
                    68   1 7 3 2
                    69   4 6 2 1
                    70   3 6 9 2;
param nombreMachine := 5;
param capaciteRessource : 1 2 3 4 :=
                    1     6 12 20 7
                    2     6 13 15 7
                    3     7 13 16 6
                    4     6 14 20 4
                    5     6 11 18 4
end;

