data;
param nombreTypeRessource := 4;
param nombreJob := 40;
param job duree := 1 5 2 5 3 3 4 1 5 9 6 2 7 7 8 6 9 5 10 5 11 1 12 8 13 4 14 3 15 6 16 8 17 9 18 10 19 4 20 3 21 2 22 5 23 1 24 4 25 8 26 5 27 4 28 4 29 5 30 7 31 9 32 2 33 5 34 5 35 7 36 10 37 6 38 3 39 5 40 7;
param besoinRessource : 1 2 3 4 :=
                    1   1 4 9 1
                    2   2 1 4 2
                    3   4 8 4 2
                    4   2 8 8 2
                    5   3 5 4 1
                    6   4 1 1 2
                    7   4 4 5 1
                    8   4 5 2 2
                    9   4 6 3 1
                    10   3 2 10 1
                    11   1 1 3 2
                    12   2 7 8 2
                    13   1 1 3 2
                    14   3 3 6 1
                    15   2 6 7 2
                    16   2 8 5 2
                    17   4 8 0 2
                    18   1 2 7 1
                    19   1 2 3 2
                    20   2 2 2 1
                    21   4 1 5 2
                    22   3 6 0 1
                    23   4 7 3 1
                    24   1 1 8 2
                    25   2 5 7 1
                    26   1 2 10 1
                    27   4 4 0 1
                    28   1 8 9 1
                    29   1 6 10 1
                    30   3 8 7 1
                    31   3 2 9 1
                    32   2 2 7 2
                    33   3 3 9 2
                    34   1 7 5 1
                    35   1 8 0 1
                    36   3 2 9 1
                    37   1 5 6 2
                    38   4 6 7 2
                    39   3 1 8 2
                    40   2 1 2 1;
param nombreMachine := 5;
param capaciteRessource : 1 2 3 4 :=
                    1     8 13 15 5
                    2     6 16 18 7
                    3     6 12 12 6
                    4     7 15 14 7
                    5     8 13 19 6
end;

