data;
param nombreTypeRessource := 4;
param nombreJob := 40;
param job duree := 1 10 2 10 3 8 4 7 5 9 6 4 7 10 8 8 9 4 10 3 11 9 12 4 13 4 14 4 15 2 16 1 17 4 18 8 19 4 20 8 21 9 22 8 23 7 24 1 25 9 26 1 27 2 28 5 29 7 30 5 31 3 32 8 33 7 34 1 35 1 36 10 37 4 38 5 39 8 40 3;
param besoinRessource : 1 2 3 4 :=
                    1   1 8 6 1
                    2   1 4 4 1
                    3   2 3 7 1
                    4   1 6 10 1
                    5   1 7 0 2
                    6   2 7 5 1
                    7   1 2 4 1
                    8   4 8 10 1
                    9   3 4 7 2
                    10   2 1 1 1
                    11   3 5 3 1
                    12   4 4 2 2
                    13   3 2 5 1
                    14   3 4 3 2
                    15   1 4 3 1
                    16   4 1 0 2
                    17   2 3 5 2
                    18   3 5 1 2
                    19   2 1 0 1
                    20   1 1 2 1
                    21   1 7 5 2
                    22   3 2 7 2
                    23   3 8 4 2
                    24   3 3 1 2
                    25   3 4 5 2
                    26   2 5 3 1
                    27   4 8 5 2
                    28   1 2 3 1
                    29   2 6 10 1
                    30   1 7 0 1
                    31   4 4 1 2
                    32   2 8 3 1
                    33   4 1 4 2
                    34   3 3 5 1
                    35   1 3 10 1
                    36   3 7 1 2
                    37   3 2 2 1
                    38   1 1 0 1
                    39   3 7 4 2
                    40   1 2 1 1;
param nombreMachine := 5;
param capaciteRessource : 1 2 3 4 :=
                    1     7 13 20 8
                    2     8 11 17 7
                    3     6 10 12 5
                    4     6 12 13 6
                    5     7 13 14 7
end;

