data;
param nombreTypeRessource := 4;
param nombreJob := 40;
param job duree := 1 9 2 8 3 5 4 4 5 8 6 8 7 10 8 2 9 6 10 9 11 7 12 7 13 4 14 1 15 8 16 4 17 1 18 9 19 8 20 2 21 1 22 7 23 1 24 5 25 3 26 10 27 4 28 6 29 9 30 2 31 8 32 6 33 2 34 5 35 6 36 6 37 4 38 8 39 6 40 9;
param besoinRessource : 1 2 3 4 :=
                    1   3 1 7 1
                    2   4 1 4 1
                    3   1 1 4 2
                    4   4 8 4 1
                    5   3 2 9 2
                    6   2 4 7 2
                    7   2 3 3 2
                    8   1 3 3 1
                    9   1 3 5 1
                    10   3 4 3 2
                    11   2 1 4 2
                    12   2 4 9 1
                    13   3 5 8 2
                    14   3 6 7 1
                    15   1 1 7 2
                    16   2 8 0 1
                    17   2 2 3 1
                    18   1 1 2 1
                    19   4 1 3 2
                    20   4 1 6 1
                    21   2 4 3 1
                    22   3 1 0 2
                    23   4 1 10 1
                    24   1 7 1 1
                    25   3 7 2 2
                    26   3 7 0 1
                    27   2 6 0 1
                    28   1 5 10 1
                    29   1 5 3 2
                    30   1 7 7 1
                    31   4 8 5 2
                    32   2 4 9 2
                    33   2 2 2 1
                    34   4 6 3 2
                    35   2 1 8 2
                    36   1 6 0 1
                    37   4 1 8 2
                    38   4 3 3 1
                    39   2 8 10 2
                    40   3 4 6 1;
param nombreMachine := 5;
param capaciteRessource : 1 2 3 4 :=
                    1     6 11 14 8
                    2     6 11 13 4
                    3     7 13 12 7
                    4     8 11 18 4
                    5     8 14 20 8
end;

