data;
param nombreTypeRessource := 4;
param nombreJob := 40;
param job duree := 1 9 2 6 3 7 4 6 5 5 6 10 7 6 8 10 9 6 10 9 11 4 12 5 13 3 14 10 15 10 16 8 17 5 18 2 19 9 20 4 21 9 22 2 23 2 24 2 25 3 26 7 27 10 28 6 29 6 30 6 31 7 32 10 33 8 34 1 35 10 36 1 37 1 38 7 39 3 40 4;
param besoinRessource : 1 2 3 4 :=
                    1   2 4 5 2
                    2   4 6 3 2
                    3   2 7 0 1
                    4   4 3 0 1
                    5   4 3 7 1
                    6   3 5 8 2
                    7   2 2 0 2
                    8   1 1 0 1
                    9   4 7 4 1
                    10   3 6 3 2
                    11   3 6 1 2
                    12   3 5 3 1
                    13   2 1 8 2
                    14   3 6 0 2
                    15   2 5 4 2
                    16   3 8 1 2
                    17   3 7 6 1
                    18   4 7 5 1
                    19   1 3 9 1
                    20   4 3 1 2
                    21   1 1 6 1
                    22   4 8 6 2
                    23   3 5 1 2
                    24   1 4 4 2
                    25   4 5 10 1
                    26   4 3 0 2
                    27   4 6 0 1
                    28   4 6 2 1
                    29   3 8 3 1
                    30   3 1 5 1
                    31   2 5 9 2
                    32   2 2 2 2
                    33   3 4 6 1
                    34   2 5 9 2
                    35   1 6 5 1
                    36   4 8 0 1
                    37   4 4 8 2
                    38   4 7 5 2
                    39   1 2 8 1
                    40   2 7 4 2;
param nombreMachine := 5;
param capaciteRessource : 1 2 3 4 :=
                    1     8 11 16 4
                    2     7 14 15 5
                    3     6 13 14 4
                    4     7 13 16 8
                    5     8 15 13 7
end;

