data;
param nombreTypeRessource := 4;
param nombreJob := 40;
param job duree := 1 8 2 4 3 5 4 10 5 3 6 4 7 8 8 6 9 7 10 1 11 8 12 7 13 4 14 2 15 9 16 6 17 4 18 9 19 4 20 1 21 2 22 10 23 9 24 8 25 1 26 7 27 8 28 8 29 7 30 10 31 9 32 4 33 5 34 7 35 8 36 9 37 1 38 4 39 6 40 7;
param besoinRessource : 1 2 3 4 :=
                    1   3 6 0 2
                    2   1 3 7 1
                    3   4 1 4 2
                    4   2 4 5 2
                    5   4 8 7 2
                    6   3 8 1 1
                    7   2 1 5 2
                    8   2 8 3 2
                    9   1 3 3 1
                    10   4 5 5 2
                    11   3 7 4 2
                    12   1 2 1 1
                    13   3 3 10 1
                    14   2 3 10 2
                    15   4 1 0 1
                    16   2 3 2 1
                    17   1 5 9 2
                    18   3 2 7 2
                    19   1 3 7 1
                    20   3 8 0 1
                    21   2 2 9 1
                    22   1 1 8 2
                    23   1 5 6 1
                    24   1 7 2 2
                    25   1 7 5 1
                    26   2 4 4 2
                    27   1 5 1 2
                    28   3 6 5 1
                    29   3 2 7 1
                    30   2 7 4 1
                    31   2 6 6 2
                    32   4 4 9 1
                    33   4 7 9 1
                    34   2 7 1 2
                    35   1 5 4 2
                    36   3 4 3 2
                    37   1 4 5 1
                    38   4 8 7 1
                    39   3 1 6 1
                    40   4 2 1 2;
param nombreMachine := 5;
param capaciteRessource : 1 2 3 4 :=
                    1     7 16 15 6
                    2     7 11 20 6
                    3     7 13 17 7
                    4     7 12 19 8
                    5     7 10 18 8
end;

