data;
param nombreTypeRessource := 4;
param nombreJob := 40;
param job duree := 1 3 2 1 3 8 4 6 5 5 6 6 7 1 8 7 9 10 10 8 11 5 12 3 13 6 14 2 15 7 16 5 17 9 18 4 19 9 20 10 21 8 22 2 23 3 24 4 25 6 26 2 27 4 28 9 29 4 30 4 31 1 32 6 33 2 34 5 35 7 36 7 37 8 38 5 39 1 40 5;
param besoinRessource : 1 2 3 4 :=
                    1   4 5 0 2
                    2   2 6 1 2
                    3   1 8 3 2
                    4   2 4 5 2
                    5   4 1 5 1
                    6   1 6 2 1
                    7   3 5 9 2
                    8   1 8 3 2
                    9   2 2 3 1
                    10   4 8 10 1
                    11   4 8 10 2
                    12   1 8 5 1
                    13   2 7 3 2
                    14   1 2 7 1
                    15   4 6 4 2
                    16   4 8 7 2
                    17   2 2 3 2
                    18   2 6 7 1
                    19   1 2 10 2
                    20   4 6 3 1
                    21   1 7 5 1
                    22   4 7 1 2
                    23   4 7 10 1
                    24   3 5 1 1
                    25   1 3 6 2
                    26   4 4 5 2
                    27   4 2 8 1
                    28   1 6 1 2
                    29   2 4 0 2
                    30   2 6 5 2
                    31   3 8 2 2
                    32   1 3 4 1
                    33   3 8 0 1
                    34   1 4 10 1
                    35   4 7 5 2
                    36   4 3 7 1
                    37   2 8 6 2
                    38   2 4 5 2
                    39   1 1 4 2
                    40   4 7 8 1;
param nombreMachine := 5;
param capaciteRessource : 1 2 3 4 :=
                    1     8 14 15 5
                    2     8 14 13 6
                    3     6 13 18 4
                    4     8 13 16 4
                    5     8 14 17 7
end;

