data;
param nombreTypeRessource := 4;
param nombreJob := 40;
param job duree := 1 7 2 8 3 6 4 7 5 5 6 10 7 9 8 5 9 5 10 6 11 10 12 3 13 6 14 3 15 1 16 9 17 7 18 6 19 4 20 7 21 2 22 9 23 6 24 10 25 3 26 10 27 2 28 6 29 9 30 8 31 3 32 6 33 3 34 8 35 7 36 5 37 9 38 9 39 3 40 1;
param besoinRessource : 1 2 3 4 :=
                    1   2 2 7 1
                    2   4 5 2 2
                    3   3 1 5 1
                    4   1 2 6 2
                    5   2 4 10 2
                    6   2 3 1 1
                    7   1 5 2 1
                    8   3 8 7 2
                    9   1 6 2 1
                    10   3 2 9 1
                    11   2 3 4 1
                    12   3 8 8 1
                    13   3 7 1 1
                    14   4 5 2 2
                    15   2 7 7 2
                    16   4 4 8 1
                    17   1 2 0 1
                    18   1 2 6 2
                    19   2 7 3 1
                    20   1 4 1 1
                    21   1 7 8 1
                    22   2 8 6 1
                    23   3 6 4 2
                    24   1 1 0 2
                    25   2 2 9 2
                    26   1 4 9 2
                    27   3 4 9 2
                    28   2 8 3 1
                    29   2 5 5 1
                    30   3 5 4 1
                    31   2 4 0 1
                    32   3 3 0 1
                    33   4 2 4 2
                    34   3 8 3 1
                    35   4 7 9 2
                    36   4 5 4 1
                    37   2 7 6 2
                    38   4 3 8 2
                    39   1 6 9 1
                    40   3 4 7 1;
param nombreMachine := 5;
param capaciteRessource : 1 2 3 4 :=
                    1     6 13 17 6
                    2     8 15 15 7
                    3     8 13 19 7
                    4     7 10 15 7
                    5     7 12 19 8
end;

