data;
param nombreTypeRessource := 4;
param nombreJob := 40;
param job duree := 1 1 2 3 3 1 4 9 5 5 6 5 7 1 8 6 9 7 10 2 11 10 12 6 13 7 14 10 15 6 16 3 17 6 18 7 19 8 20 4 21 10 22 5 23 4 24 10 25 2 26 8 27 2 28 1 29 10 30 6 31 6 32 7 33 4 34 10 35 5 36 9 37 1 38 2 39 3 40 2;
param besoinRessource : 1 2 3 4 :=
                    1   3 7 7 2
                    2   1 2 5 1
                    3   2 5 4 1
                    4   3 3 0 2
                    5   2 5 0 1
                    6   4 1 8 2
                    7   1 2 10 2
                    8   3 8 1 2
                    9   3 3 0 2
                    10   3 5 10 2
                    11   2 1 9 2
                    12   4 1 3 1
                    13   3 5 2 1
                    14   3 5 1 1
                    15   4 1 8 2
                    16   1 3 3 2
                    17   4 7 9 2
                    18   2 4 6 1
                    19   2 4 0 1
                    20   1 3 9 1
                    21   3 5 8 2
                    22   1 3 0 1
                    23   3 4 2 2
                    24   3 2 9 2
                    25   1 8 4 1
                    26   2 5 0 1
                    27   1 5 4 1
                    28   2 1 6 1
                    29   4 8 3 2
                    30   2 6 6 1
                    31   4 4 2 2
                    32   4 2 7 1
                    33   2 6 6 1
                    34   2 5 0 1
                    35   2 6 1 1
                    36   4 6 1 1
                    37   4 2 8 2
                    38   4 8 7 1
                    39   3 1 10 2
                    40   1 1 2 2;
param nombreMachine := 5;
param capaciteRessource : 1 2 3 4 :=
                    1     8 13 13 7
                    2     8 12 19 8
                    3     8 14 16 5
                    4     7 16 16 4
                    5     7 14 14 5
end;

