data;
param nombreTypeRessource := 4;
param nombreJob := 40;
param job duree := 1 5 2 3 3 3 4 5 5 1 6 8 7 5 8 7 9 6 10 6 11 9 12 1 13 3 14 9 15 3 16 9 17 8 18 8 19 3 20 2 21 6 22 1 23 3 24 5 25 4 26 2 27 9 28 2 29 4 30 7 31 6 32 4 33 6 34 6 35 7 36 9 37 6 38 9 39 4 40 6;
param besoinRessource : 1 2 3 4 :=
                    1   4 5 1 1
                    2   4 2 4 2
                    3   4 1 1 2
                    4   2 2 3 1
                    5   1 4 10 2
                    6   4 6 9 1
                    7   3 5 0 2
                    8   3 2 10 1
                    9   2 1 1 1
                    10   4 6 1 2
                    11   3 8 10 2
                    12   1 5 5 2
                    13   3 2 5 1
                    14   4 5 4 2
                    15   3 6 7 2
                    16   3 8 2 1
                    17   2 5 0 1
                    18   1 1 2 2
                    19   3 1 8 1
                    20   4 2 2 1
                    21   3 6 6 1
                    22   3 2 8 1
                    23   1 4 7 1
                    24   4 7 0 1
                    25   1 1 7 2
                    26   2 1 2 1
                    27   2 5 5 1
                    28   3 8 6 1
                    29   2 3 6 2
                    30   3 8 6 2
                    31   1 4 1 2
                    32   1 3 6 2
                    33   2 7 2 2
                    34   1 3 7 2
                    35   4 5 10 1
                    36   2 7 9 1
                    37   4 2 6 2
                    38   1 8 1 1
                    39   3 6 9 1
                    40   1 5 3 1;
param nombreMachine := 5;
param capaciteRessource : 1 2 3 4 :=
                    1     8 13 12 7
                    2     7 10 16 4
                    3     6 10 18 7
                    4     6 14 18 5
                    5     7 14 20 5
end;

