data;
param nombreTypeRessource := 4;
param nombreJob := 40;
param job duree := 1 5 2 7 3 4 4 3 5 9 6 5 7 1 8 7 9 5 10 2 11 3 12 1 13 4 14 8 15 4 16 2 17 6 18 6 19 9 20 9 21 4 22 5 23 10 24 7 25 7 26 1 27 6 28 8 29 4 30 7 31 8 32 7 33 9 34 5 35 10 36 7 37 8 38 8 39 7 40 6;
param besoinRessource : 1 2 3 4 :=
                    1   4 3 4 1
                    2   3 3 7 2
                    3   4 3 2 2
                    4   2 4 8 1
                    5   3 7 3 1
                    6   3 6 2 1
                    7   4 2 9 2
                    8   1 4 2 2
                    9   4 1 2 2
                    10   3 4 6 1
                    11   1 3 7 2
                    12   4 4 6 2
                    13   1 5 2 2
                    14   4 6 10 1
                    15   4 2 10 1
                    16   4 6 3 1
                    17   2 1 9 1
                    18   1 4 6 1
                    19   1 6 5 1
                    20   3 4 4 2
                    21   4 3 10 1
                    22   3 7 1 1
                    23   4 7 10 2
                    24   3 1 2 1
                    25   2 1 7 2
                    26   1 8 5 1
                    27   3 7 10 1
                    28   2 4 3 1
                    29   1 1 3 1
                    30   2 7 9 2
                    31   3 4 2 1
                    32   1 4 0 1
                    33   1 8 9 1
                    34   4 8 9 2
                    35   3 7 8 1
                    36   2 3 8 2
                    37   2 5 8 1
                    38   1 6 6 2
                    39   2 6 6 1
                    40   3 3 4 2;
param nombreMachine := 5;
param capaciteRessource : 1 2 3 4 :=
                    1     7 16 16 5
                    2     8 10 18 6
                    3     7 12 20 8
                    4     7 15 13 6
                    5     7 11 17 5
end;

