data;
param nombreTypeRessource := 4;
param nombreJob := 40;
param job duree := 1 4 2 8 3 10 4 6 5 2 6 5 7 7 8 5 9 7 10 3 11 3 12 9 13 4 14 10 15 2 16 3 17 5 18 6 19 5 20 5 21 8 22 9 23 5 24 3 25 1 26 8 27 3 28 7 29 10 30 2 31 10 32 9 33 3 34 9 35 4 36 2 37 2 38 6 39 9 40 10;
param besoinRessource : 1 2 3 4 :=
                    1   3 7 0 2
                    2   4 1 10 1
                    3   4 3 5 2
                    4   1 6 0 1
                    5   2 6 6 1
                    6   4 4 1 1
                    7   1 7 9 1
                    8   4 3 6 2
                    9   2 7 2 2
                    10   2 7 0 2
                    11   2 3 10 1
                    12   2 7 0 2
                    13   2 5 5 1
                    14   4 1 5 1
                    15   2 2 6 1
                    16   1 3 3 2
                    17   2 1 4 2
                    18   4 2 8 2
                    19   1 4 2 1
                    20   3 8 6 2
                    21   4 1 2 1
                    22   1 3 2 1
                    23   3 6 6 2
                    24   3 8 5 1
                    25   3 2 7 1
                    26   2 8 3 2
                    27   3 7 8 1
                    28   3 1 8 2
                    29   4 5 3 2
                    30   4 7 7 1
                    31   3 1 6 2
                    32   3 2 3 1
                    33   2 7 2 1
                    34   2 2 7 1
                    35   4 8 9 1
                    36   4 7 4 2
                    37   4 1 3 1
                    38   3 8 4 2
                    39   1 1 7 1
                    40   4 4 3 1;
param nombreMachine := 5;
param capaciteRessource : 1 2 3 4 :=
                    1     8 15 17 5
                    2     6 14 20 4
                    3     6 14 16 7
                    4     6 11 16 7
                    5     7 13 17 5
end;

