data;
param nombreTypeRessource := 4;
param nombreJob := 40;
param job duree := 1 3 2 8 3 5 4 9 5 8 6 7 7 10 8 9 9 1 10 6 11 7 12 9 13 4 14 6 15 5 16 1 17 10 18 8 19 1 20 5 21 9 22 5 23 8 24 1 25 2 26 3 27 8 28 10 29 3 30 10 31 4 32 7 33 9 34 3 35 9 36 4 37 1 38 3 39 9 40 2;
param besoinRessource : 1 2 3 4 :=
                    1   1 6 6 1
                    2   1 3 6 2
                    3   2 8 8 2
                    4   1 2 9 2
                    5   3 8 6 1
                    6   1 4 10 2
                    7   3 3 2 1
                    8   4 2 0 2
                    9   2 8 9 2
                    10   3 7 0 1
                    11   3 3 7 1
                    12   2 6 2 2
                    13   2 6 2 2
                    14   4 7 10 1
                    15   2 5 7 2
                    16   4 3 9 2
                    17   4 3 7 1
                    18   2 1 1 2
                    19   3 3 6 2
                    20   3 3 7 1
                    21   3 3 10 1
                    22   2 1 10 2
                    23   3 5 5 2
                    24   4 2 10 1
                    25   4 8 9 2
                    26   3 7 6 1
                    27   3 8 10 2
                    28   3 1 0 2
                    29   3 7 3 2
                    30   4 3 7 2
                    31   3 7 8 2
                    32   4 5 4 1
                    33   2 5 3 2
                    34   1 4 1 2
                    35   4 8 2 2
                    36   2 6 10 1
                    37   2 1 8 2
                    38   2 4 9 1
                    39   2 8 0 2
                    40   4 1 4 2;
param nombreMachine := 5;
param capaciteRessource : 1 2 3 4 :=
                    1     6 16 17 6
                    2     8 13 13 7
                    3     8 13 20 5
                    4     7 10 20 6
                    5     6 11 19 4
end;

