data;
param nombreTypeRessource := 4;
param nombreJob := 40;
param job duree := 1 10 2 10 3 5 4 1 5 9 6 8 7 1 8 10 9 4 10 10 11 6 12 5 13 3 14 7 15 10 16 1 17 10 18 6 19 1 20 4 21 8 22 9 23 5 24 9 25 4 26 10 27 2 28 10 29 1 30 4 31 9 32 8 33 9 34 4 35 9 36 2 37 2 38 3 39 6 40 8;
param besoinRessource : 1 2 3 4 :=
                    1   3 1 8 1
                    2   2 1 10 2
                    3   2 5 8 1
                    4   1 7 8 1
                    5   3 8 10 2
                    6   2 4 6 1
                    7   1 3 2 2
                    8   4 5 0 1
                    9   1 4 7 1
                    10   2 6 7 2
                    11   1 2 2 1
                    12   4 4 5 1
                    13   1 8 6 1
                    14   3 6 9 2
                    15   1 3 0 1
                    16   4 1 6 2
                    17   4 5 7 2
                    18   2 3 4 1
                    19   2 4 9 2
                    20   1 2 8 2
                    21   1 7 4 1
                    22   1 1 1 1
                    23   1 6 4 1
                    24   1 3 7 1
                    25   1 4 0 2
                    26   2 5 10 1
                    27   4 5 9 2
                    28   3 6 7 2
                    29   2 6 1 1
                    30   1 6 0 1
                    31   2 7 3 1
                    32   1 5 6 2
                    33   4 6 0 2
                    34   3 1 2 2
                    35   1 2 10 1
                    36   1 2 9 2
                    37   4 6 4 2
                    38   3 1 7 2
                    39   2 3 6 1
                    40   1 6 9 2;
param nombreMachine := 5;
param capaciteRessource : 1 2 3 4 :=
                    1     8 12 20 5
                    2     6 12 16 7
                    3     8 15 12 6
                    4     7 10 19 7
                    5     8 16 14 8
end;

