data;
param nombreTypeRessource := 4;
param nombreJob := 40;
param job duree := 1 8 2 10 3 3 4 5 5 1 6 8 7 7 8 10 9 1 10 8 11 5 12 1 13 4 14 8 15 6 16 5 17 9 18 8 19 1 20 3 21 8 22 10 23 8 24 10 25 4 26 10 27 7 28 7 29 3 30 10 31 4 32 7 33 2 34 2 35 2 36 4 37 8 38 2 39 1 40 9;
param besoinRessource : 1 2 3 4 :=
                    1   2 6 2 2
                    2   1 3 9 2
                    3   4 7 1 1
                    4   4 8 0 1
                    5   1 6 6 2
                    6   1 2 9 1
                    7   1 3 8 1
                    8   1 7 5 2
                    9   3 7 2 2
                    10   2 8 2 2
                    11   2 3 9 1
                    12   4 7 1 2
                    13   3 4 8 2
                    14   1 2 0 2
                    15   3 7 0 1
                    16   1 1 7 1
                    17   3 6 10 2
                    18   3 8 9 1
                    19   4 1 6 2
                    20   2 4 10 1
                    21   2 4 3 2
                    22   1 8 10 1
                    23   2 3 10 2
                    24   3 4 3 2
                    25   2 5 6 1
                    26   1 1 1 1
                    27   3 8 6 1
                    28   3 6 3 1
                    29   1 4 4 2
                    30   2 1 4 1
                    31   1 7 10 1
                    32   4 3 4 2
                    33   2 5 6 2
                    34   1 5 10 1
                    35   4 4 7 2
                    36   2 1 9 1
                    37   2 1 2 1
                    38   4 1 8 2
                    39   3 7 8 2
                    40   1 7 6 1;
param nombreMachine := 5;
param capaciteRessource : 1 2 3 4 :=
                    1     6 13 16 6
                    2     8 16 16 4
                    3     6 14 13 5
                    4     8 10 16 7
                    5     6 12 15 8
end;

