data;
param nombreTypeRessource := 4;
param nombreJob := 40;
param job duree := 1 9 2 10 3 8 4 1 5 4 6 5 7 10 8 5 9 5 10 6 11 9 12 4 13 5 14 1 15 8 16 10 17 7 18 8 19 4 20 4 21 4 22 1 23 2 24 9 25 6 26 4 27 8 28 6 29 10 30 5 31 7 32 7 33 4 34 7 35 5 36 9 37 3 38 3 39 4 40 4;
param besoinRessource : 1 2 3 4 :=
                    1   1 6 2 2
                    2   2 2 7 1
                    3   3 4 6 2
                    4   3 7 4 2
                    5   3 6 6 1
                    6   3 7 3 1
                    7   2 6 9 1
                    8   2 8 7 2
                    9   1 1 1 1
                    10   2 2 0 2
                    11   2 3 2 2
                    12   3 7 5 1
                    13   4 8 0 2
                    14   4 1 9 2
                    15   1 5 4 1
                    16   4 2 7 1
                    17   1 6 2 2
                    18   3 8 2 1
                    19   1 7 7 1
                    20   2 4 3 1
                    21   3 1 5 1
                    22   2 2 0 1
                    23   4 4 1 2
                    24   2 6 6 2
                    25   2 1 8 1
                    26   1 3 3 1
                    27   3 3 4 2
                    28   2 8 5 1
                    29   3 7 2 2
                    30   1 1 5 1
                    31   4 3 9 1
                    32   1 1 7 2
                    33   3 4 5 2
                    34   1 2 2 1
                    35   3 6 1 1
                    36   3 8 8 2
                    37   3 6 6 1
                    38   1 6 2 1
                    39   2 8 2 1
                    40   3 5 3 2;
param nombreMachine := 5;
param capaciteRessource : 1 2 3 4 :=
                    1     8 10 20 8
                    2     7 15 20 4
                    3     6 11 13 5
                    4     8 10 15 5
                    5     7 16 19 7
end;

