data;
param nombreTypeRessource := 4;
param nombreJob := 40;
param job duree := 1 8 2 10 3 7 4 2 5 3 6 3 7 6 8 8 9 9 10 6 11 9 12 3 13 5 14 7 15 1 16 8 17 9 18 2 19 1 20 3 21 10 22 5 23 5 24 2 25 8 26 7 27 8 28 10 29 4 30 6 31 2 32 2 33 7 34 4 35 5 36 4 37 7 38 10 39 1 40 9;
param besoinRessource : 1 2 3 4 :=
                    1   1 3 4 1
                    2   2 2 1 2
                    3   4 8 10 1
                    4   2 5 10 1
                    5   1 6 5 2
                    6   1 6 10 1
                    7   3 2 8 1
                    8   2 8 9 1
                    9   2 4 7 2
                    10   3 6 7 2
                    11   4 3 4 2
                    12   2 5 9 1
                    13   1 7 8 2
                    14   2 2 6 2
                    15   3 4 1 1
                    16   1 6 5 2
                    17   1 2 0 2
                    18   3 1 4 2
                    19   2 7 10 2
                    20   3 8 5 1
                    21   4 4 8 2
                    22   1 2 5 2
                    23   1 6 7 2
                    24   4 5 2 1
                    25   2 6 1 2
                    26   4 6 2 2
                    27   4 4 0 1
                    28   3 5 10 2
                    29   3 5 6 1
                    30   4 2 4 1
                    31   2 7 9 1
                    32   2 2 10 2
                    33   1 3 9 2
                    34   4 4 1 2
                    35   1 7 5 2
                    36   4 7 0 2
                    37   1 3 0 1
                    38   2 5 7 2
                    39   1 4 1 1
                    40   4 8 3 1;
param nombreMachine := 5;
param capaciteRessource : 1 2 3 4 :=
                    1     8 10 14 7
                    2     7 16 20 5
                    3     6 11 20 5
                    4     8 11 16 4
                    5     8 11 18 4
end;

