data;
param nombreTypeRessource := 4;
param nombreJob := 40;
param job duree := 1 1 2 4 3 10 4 9 5 10 6 10 7 9 8 7 9 6 10 9 11 6 12 3 13 2 14 1 15 7 16 10 17 5 18 3 19 8 20 5 21 6 22 10 23 3 24 4 25 7 26 6 27 6 28 8 29 6 30 7 31 1 32 6 33 5 34 1 35 10 36 6 37 10 38 6 39 2 40 2;
param besoinRessource : 1 2 3 4 :=
                    1   3 6 2 2
                    2   2 4 1 1
                    3   4 2 5 2
                    4   1 1 6 1
                    5   3 1 4 1
                    6   1 6 1 1
                    7   2 3 2 1
                    8   3 2 1 2
                    9   3 6 4 1
                    10   3 5 3 2
                    11   4 8 3 2
                    12   3 6 2 2
                    13   1 7 5 2
                    14   2 6 2 2
                    15   4 1 5 2
                    16   3 5 7 2
                    17   4 1 8 2
                    18   1 4 0 1
                    19   1 2 0 2
                    20   1 3 10 1
                    21   2 1 0 1
                    22   2 7 6 2
                    23   4 7 5 1
                    24   1 4 6 2
                    25   4 1 4 1
                    26   1 1 4 2
                    27   3 8 4 2
                    28   4 1 10 2
                    29   1 2 4 2
                    30   4 2 9 2
                    31   2 6 5 2
                    32   4 7 5 1
                    33   4 2 9 2
                    34   1 5 10 1
                    35   4 5 10 1
                    36   3 1 8 2
                    37   4 8 1 2
                    38   2 5 3 1
                    39   2 3 3 2
                    40   2 4 7 2;
param nombreMachine := 5;
param capaciteRessource : 1 2 3 4 :=
                    1     7 13 13 6
                    2     7 13 15 6
                    3     6 15 16 6
                    4     7 12 18 6
                    5     7 14 17 6
end;

