data;
param nombreTypeRessource := 4;
param nombreJob := 40;
param job duree := 1 5 2 1 3 1 4 7 5 6 6 1 7 7 8 5 9 8 10 4 11 6 12 8 13 6 14 10 15 7 16 10 17 8 18 1 19 2 20 6 21 10 22 4 23 4 24 3 25 2 26 10 27 8 28 6 29 3 30 3 31 3 32 10 33 2 34 2 35 1 36 9 37 5 38 10 39 8 40 8;
param besoinRessource : 1 2 3 4 :=
                    1   2 4 10 2
                    2   1 2 4 1
                    3   2 1 6 1
                    4   1 6 0 2
                    5   2 7 3 1
                    6   1 4 1 1
                    7   2 6 4 2
                    8   1 1 6 1
                    9   4 4 9 1
                    10   1 5 2 2
                    11   3 8 0 1
                    12   3 6 7 1
                    13   4 2 1 2
                    14   2 5 8 2
                    15   2 7 1 2
                    16   4 8 5 1
                    17   3 5 7 1
                    18   3 3 3 2
                    19   1 2 5 2
                    20   2 3 6 1
                    21   4 5 1 2
                    22   1 2 5 1
                    23   4 5 8 2
                    24   2 5 3 2
                    25   4 4 9 2
                    26   1 5 4 1
                    27   1 5 3 1
                    28   4 3 4 1
                    29   3 1 4 1
                    30   2 5 1 2
                    31   2 3 0 1
                    32   2 3 0 1
                    33   2 6 3 1
                    34   3 5 9 1
                    35   2 6 6 1
                    36   2 4 3 2
                    37   3 7 4 2
                    38   2 6 2 1
                    39   1 8 0 1
                    40   1 8 1 2;
param nombreMachine := 5;
param capaciteRessource : 1 2 3 4 :=
                    1     8 13 15 6
                    2     7 13 20 5
                    3     6 16 19 7
                    4     7 16 13 4
                    5     6 15 17 4
end;

