data;
param nombreTypeRessource := 4;
param nombreJob := 40;
param job duree := 1 4 2 2 3 7 4 4 5 4 6 7 7 1 8 10 9 10 10 1 11 8 12 9 13 7 14 3 15 10 16 2 17 1 18 2 19 7 20 2 21 4 22 4 23 9 24 5 25 2 26 2 27 2 28 6 29 6 30 5 31 6 32 4 33 3 34 6 35 4 36 9 37 2 38 10 39 10 40 6;
param besoinRessource : 1 2 3 4 :=
                    1   2 6 4 2
                    2   2 8 0 2
                    3   1 7 6 1
                    4   4 6 8 2
                    5   2 2 2 2
                    6   3 4 10 2
                    7   3 4 7 2
                    8   2 4 4 2
                    9   4 4 2 1
                    10   4 5 10 1
                    11   3 5 0 1
                    12   4 5 6 1
                    13   3 7 4 1
                    14   4 8 4 2
                    15   2 7 2 1
                    16   1 2 6 2
                    17   1 5 5 1
                    18   2 5 4 2
                    19   1 3 2 1
                    20   1 3 5 2
                    21   3 6 3 2
                    22   3 6 7 1
                    23   2 2 0 2
                    24   3 3 5 1
                    25   2 7 8 2
                    26   1 1 5 1
                    27   3 2 8 2
                    28   3 8 6 1
                    29   2 1 4 1
                    30   1 7 2 1
                    31   3 2 10 1
                    32   3 1 1 2
                    33   3 2 1 1
                    34   4 1 1 2
                    35   2 1 4 1
                    36   3 8 6 2
                    37   3 5 6 2
                    38   4 5 4 1
                    39   2 2 5 1
                    40   1 5 3 2;
param nombreMachine := 5;
param capaciteRessource : 1 2 3 4 :=
                    1     7 10 16 8
                    2     7 16 17 5
                    3     8 14 17 8
                    4     8 13 13 8
                    5     6 14 19 5
end;

