data;
param nombreTypeRessource := 4;
param nombreJob := 40;
param job duree := 1 4 2 9 3 1 4 7 5 2 6 9 7 9 8 7 9 2 10 1 11 1 12 3 13 2 14 5 15 8 16 10 17 2 18 7 19 3 20 7 21 6 22 1 23 7 24 7 25 2 26 8 27 6 28 3 29 7 30 4 31 2 32 7 33 5 34 7 35 1 36 2 37 10 38 7 39 1 40 2;
param besoinRessource : 1 2 3 4 :=
                    1   4 2 7 2
                    2   2 8 5 2
                    3   2 5 5 2
                    4   3 4 2 2
                    5   4 4 7 2
                    6   3 4 10 2
                    7   4 4 7 1
                    8   1 2 5 1
                    9   4 6 7 2
                    10   4 3 4 2
                    11   4 7 8 2
                    12   4 1 4 2
                    13   3 1 3 2
                    14   4 6 2 2
                    15   4 4 1 1
                    16   1 1 9 2
                    17   2 1 4 2
                    18   2 7 6 2
                    19   1 6 3 1
                    20   1 5 1 2
                    21   2 4 9 1
                    22   1 2 0 1
                    23   2 8 8 2
                    24   4 8 2 1
                    25   2 5 3 1
                    26   3 5 6 1
                    27   3 1 4 2
                    28   1 6 2 1
                    29   1 5 8 2
                    30   2 6 2 1
                    31   3 3 5 1
                    32   4 6 4 1
                    33   1 5 7 1
                    34   2 4 0 1
                    35   1 3 4 1
                    36   1 1 10 1
                    37   3 1 5 1
                    38   1 2 10 2
                    39   4 7 0 2
                    40   2 4 0 1;
param nombreMachine := 5;
param capaciteRessource : 1 2 3 4 :=
                    1     8 12 14 5
                    2     7 14 17 5
                    3     6 12 14 5
                    4     8 15 18 5
                    5     6 13 19 7
end;

