data;
param nombreTypeRessource := 4;
param nombreJob := 30;
param job duree := 1 10 2 1 3 10 4 4 5 7 6 3 7 3 8 5 9 5 10 2 11 7 12 10 13 6 14 2 15 8 16 6 17 3 18 3 19 6 20 5 21 1 22 2 23 3 24 6 25 8 26 5 27 2 28 1 29 2 30 3;
param besoinRessource : 1 2 3 4 :=
                    1   2 4 6 2
                    2   4 2 7 2
                    3   2 5 5 2
                    4   3 2 6 1
                    5   2 6 1 1
                    6   4 4 4 1
                    7   1 2 8 1
                    8   2 6 7 1
                    9   4 6 6 2
                    10   2 6 0 2
                    11   4 6 3 2
                    12   2 6 8 1
                    13   4 4 2 2
                    14   4 7 6 2
                    15   4 4 3 1
                    16   4 7 10 1
                    17   4 3 7 2
                    18   2 7 3 1
                    19   3 1 0 2
                    20   2 4 10 1
                    21   3 4 0 1
                    22   4 5 10 2
                    23   1 6 3 1
                    24   4 3 1 2
                    25   1 2 0 2
                    26   2 6 7 1
                    27   3 1 6 1
                    28   3 4 10 2
                    29   3 1 1 2
                    30   4 3 10 2;
param nombreMachine := 5;
param capaciteRessource : 1 2 3 4 :=
                    1     8 10 16 8
                    2     6 10 14 4
                    3     6 10 18 7
                    4     8 16 19 7
                    5     6 14 16 4
end;

