data;
param nombreTypeRessource := 4;
param nombreJob := 30;
param job duree := 1 7 2 4 3 8 4 8 5 4 6 9 7 2 8 3 9 9 10 5 11 2 12 3 13 1 14 6 15 6 16 4 17 9 18 1 19 8 20 10 21 2 22 3 23 5 24 1 25 9 26 9 27 9 28 10 29 1 30 7;
param besoinRessource : 1 2 3 4 :=
                    1   1 6 9 2
                    2   2 3 8 1
                    3   1 5 5 1
                    4   3 5 3 1
                    5   3 1 2 2
                    6   1 7 0 1
                    7   1 4 10 1
                    8   2 3 9 2
                    9   4 2 1 2
                    10   3 3 7 1
                    11   3 3 5 1
                    12   4 4 8 1
                    13   3 4 9 2
                    14   2 5 4 2
                    15   1 7 7 1
                    16   3 2 6 1
                    17   1 8 3 2
                    18   3 3 10 2
                    19   1 2 9 1
                    20   2 6 1 2
                    21   3 4 6 2
                    22   2 8 0 2
                    23   3 4 8 2
                    24   4 5 7 1
                    25   1 7 5 2
                    26   2 6 7 2
                    27   1 2 0 1
                    28   1 4 7 1
                    29   1 4 7 1
                    30   1 3 4 2;
param nombreMachine := 5;
param capaciteRessource : 1 2 3 4 :=
                    1     8 15 14 7
                    2     6 11 16 5
                    3     8 16 17 8
                    4     8 13 15 4
                    5     6 14 20 7
end;

