data;
param nombreTypeRessource := 4;
param nombreJob := 30;
param job duree := 1 1 2 10 3 2 4 10 5 8 6 6 7 10 8 1 9 6 10 4 11 1 12 5 13 3 14 7 15 10 16 4 17 6 18 1 19 1 20 10 21 4 22 1 23 6 24 9 25 1 26 4 27 6 28 4 29 5 30 4;
param besoinRessource : 1 2 3 4 :=
                    1   2 4 10 2
                    2   1 5 2 2
                    3   4 8 6 1
                    4   3 7 2 1
                    5   4 7 3 1
                    6   4 1 3 1
                    7   4 1 4 2
                    8   1 6 6 1
                    9   4 6 9 2
                    10   1 2 7 2
                    11   3 3 3 2
                    12   2 2 2 1
                    13   2 5 1 1
                    14   2 8 6 1
                    15   3 4 7 1
                    16   2 8 0 2
                    17   4 8 4 2
                    18   3 7 7 1
                    19   2 7 5 1
                    20   2 1 9 1
                    21   2 6 9 1
                    22   4 6 0 2
                    23   2 8 3 1
                    24   4 7 4 1
                    25   2 6 0 1
                    26   1 2 2 2
                    27   2 5 8 2
                    28   2 4 1 2
                    29   4 6 10 1
                    30   4 4 2 2;
param nombreMachine := 5;
param capaciteRessource : 1 2 3 4 :=
                    1     6 12 13 7
                    2     7 13 14 6
                    3     7 15 16 8
                    4     8 15 13 6
                    5     6 16 13 6
end;

