data;
param nombreTypeRessource := 4;
param nombreJob := 30;
param job duree := 1 2 2 7 3 8 4 5 5 1 6 5 7 10 8 4 9 6 10 2 11 4 12 4 13 2 14 9 15 8 16 1 17 8 18 10 19 8 20 5 21 7 22 10 23 4 24 1 25 5 26 4 27 4 28 10 29 9 30 5;
param besoinRessource : 1 2 3 4 :=
                    1   3 6 8 2
                    2   2 1 4 1
                    3   2 5 5 2
                    4   4 8 4 1
                    5   2 7 0 1
                    6   2 7 9 2
                    7   1 1 9 1
                    8   3 7 2 1
                    9   1 2 2 2
                    10   3 5 3 1
                    11   4 4 7 1
                    12   4 3 10 1
                    13   2 3 8 1
                    14   4 8 5 2
                    15   1 1 8 2
                    16   3 7 9 1
                    17   3 6 2 1
                    18   3 7 10 1
                    19   4 6 0 1
                    20   2 3 0 1
                    21   2 4 3 2
                    22   2 6 9 2
                    23   1 3 3 1
                    24   3 6 10 1
                    25   4 8 3 2
                    26   4 3 1 2
                    27   4 2 8 1
                    28   1 6 5 1
                    29   4 7 0 1
                    30   4 4 10 1;
param nombreMachine := 5;
param capaciteRessource : 1 2 3 4 :=
                    1     6 11 20 5
                    2     8 16 20 5
                    3     7 12 13 8
                    4     6 11 17 7
                    5     6 12 12 6
end;

