data;
param nombreTypeRessource := 4;
param nombreJob := 30;
param job duree := 1 7 2 7 3 1 4 4 5 10 6 7 7 10 8 2 9 2 10 4 11 2 12 1 13 5 14 2 15 10 16 8 17 4 18 2 19 3 20 3 21 8 22 8 23 4 24 5 25 2 26 8 27 10 28 5 29 9 30 2;
param besoinRessource : 1 2 3 4 :=
                    1   2 1 8 1
                    2   3 2 1 2
                    3   3 6 7 2
                    4   4 8 4 2
                    5   3 5 3 1
                    6   1 6 10 2
                    7   2 1 8 1
                    8   2 1 3 2
                    9   2 8 1 2
                    10   1 4 1 2
                    11   3 1 2 1
                    12   4 6 4 1
                    13   3 1 9 2
                    14   2 7 3 1
                    15   3 3 10 1
                    16   2 2 3 2
                    17   1 6 4 1
                    18   3 5 1 2
                    19   1 4 9 1
                    20   2 3 8 1
                    21   3 1 7 1
                    22   3 1 1 2
                    23   3 3 6 1
                    24   2 7 2 2
                    25   1 8 3 2
                    26   2 8 0 2
                    27   2 6 3 1
                    28   4 3 0 1
                    29   4 6 0 2
                    30   4 5 2 2;
param nombreMachine := 5;
param capaciteRessource : 1 2 3 4 :=
                    1     8 13 17 7
                    2     6 14 18 8
                    3     7 10 14 4
                    4     8 13 12 6
                    5     8 16 18 5
end;

