data;
param nombreTypeRessource := 4;
param nombreJob := 30;
param job duree := 1 3 2 3 3 7 4 9 5 1 6 7 7 7 8 5 9 10 10 4 11 10 12 3 13 5 14 3 15 8 16 6 17 7 18 7 19 5 20 6 21 9 22 6 23 4 24 9 25 5 26 10 27 7 28 3 29 3 30 8;
param besoinRessource : 1 2 3 4 :=
                    1   2 6 7 1
                    2   3 6 2 1
                    3   2 4 8 1
                    4   1 7 4 1
                    5   4 7 1 1
                    6   1 3 5 1
                    7   4 5 2 2
                    8   3 7 2 2
                    9   1 5 8 2
                    10   4 1 0 2
                    11   2 3 2 2
                    12   2 5 5 1
                    13   2 4 5 2
                    14   2 8 9 2
                    15   3 3 8 1
                    16   2 6 0 2
                    17   2 3 7 1
                    18   4 1 3 1
                    19   3 7 5 2
                    20   3 8 0 1
                    21   1 6 0 2
                    22   3 4 7 1
                    23   2 3 8 2
                    24   3 3 4 2
                    25   3 3 1 1
                    26   1 7 7 1
                    27   4 4 3 2
                    28   2 2 7 2
                    29   1 3 7 2
                    30   1 1 6 1;
param nombreMachine := 5;
param capaciteRessource : 1 2 3 4 :=
                    1     6 16 18 4
                    2     6 15 19 6
                    3     8 12 13 5
                    4     6 12 18 5
                    5     6 11 18 7
end;

