data;
param nombreTypeRessource := 4;
param nombreJob := 30;
param job duree := 1 10 2 10 3 5 4 1 5 8 6 9 7 7 8 5 9 6 10 1 11 6 12 4 13 2 14 6 15 1 16 2 17 5 18 6 19 2 20 8 21 3 22 2 23 9 24 9 25 6 26 10 27 6 28 5 29 4 30 8;
param besoinRessource : 1 2 3 4 :=
                    1   3 6 7 1
                    2   3 1 2 1
                    3   4 1 0 2
                    4   2 3 3 1
                    5   3 3 8 2
                    6   1 1 10 2
                    7   1 3 1 2
                    8   2 8 5 1
                    9   4 6 2 2
                    10   4 8 5 2
                    11   3 1 2 2
                    12   1 3 10 2
                    13   1 3 3 2
                    14   4 3 10 2
                    15   3 3 2 1
                    16   4 2 5 2
                    17   4 5 4 1
                    18   4 1 8 2
                    19   1 3 2 2
                    20   4 1 4 2
                    21   3 4 5 1
                    22   2 7 0 2
                    23   1 8 6 1
                    24   1 5 5 1
                    25   4 5 5 2
                    26   1 7 0 2
                    27   3 4 3 2
                    28   3 6 4 2
                    29   2 5 0 1
                    30   1 6 10 2;
param nombreMachine := 5;
param capaciteRessource : 1 2 3 4 :=
                    1     6 15 19 7
                    2     7 10 14 6
                    3     8 10 20 8
                    4     7 10 19 7
                    5     7 10 13 6
end;

