data;
param nombreTypeRessource := 4;
param nombreJob := 30;
param job duree := 1 2 2 10 3 9 4 7 5 2 6 3 7 3 8 9 9 6 10 8 11 6 12 9 13 8 14 2 15 6 16 8 17 1 18 7 19 9 20 1 21 7 22 6 23 9 24 8 25 4 26 1 27 9 28 3 29 5 30 9;
param besoinRessource : 1 2 3 4 :=
                    1   1 6 2 2
                    2   4 5 5 1
                    3   2 1 4 1
                    4   1 8 1 2
                    5   3 2 2 1
                    6   1 5 1 1
                    7   4 2 5 2
                    8   1 5 10 1
                    9   1 5 7 2
                    10   2 1 8 1
                    11   2 8 10 2
                    12   3 5 8 1
                    13   3 8 2 1
                    14   3 3 4 1
                    15   3 2 4 1
                    16   1 3 9 1
                    17   4 1 0 2
                    18   1 2 3 2
                    19   2 4 2 1
                    20   1 6 10 2
                    21   1 1 10 1
                    22   3 8 3 2
                    23   4 6 1 2
                    24   4 6 7 2
                    25   4 2 5 1
                    26   3 5 2 1
                    27   2 8 10 2
                    28   2 1 10 1
                    29   4 2 5 1
                    30   2 7 1 2;
param nombreMachine := 5;
param capaciteRessource : 1 2 3 4 :=
                    1     6 11 14 8
                    2     6 10 16 8
                    3     8 10 16 4
                    4     8 10 15 5
                    5     8 11 20 5
end;

