data;
param nombreTypeRessource := 4;
param nombreJob := 30;
param job duree := 1 5 2 2 3 1 4 3 5 1 6 3 7 3 8 10 9 2 10 2 11 7 12 5 13 5 14 10 15 8 16 9 17 5 18 1 19 5 20 7 21 7 22 7 23 2 24 6 25 6 26 6 27 6 28 4 29 2 30 2;
param besoinRessource : 1 2 3 4 :=
                    1   2 4 0 2
                    2   2 1 9 2
                    3   1 5 4 2
                    4   3 8 4 1
                    5   4 8 7 2
                    6   1 3 4 2
                    7   3 1 10 2
                    8   1 4 5 2
                    9   1 2 0 2
                    10   2 1 10 1
                    11   2 2 4 2
                    12   3 7 9 1
                    13   2 6 4 1
                    14   2 2 10 2
                    15   1 7 0 2
                    16   1 4 0 2
                    17   1 2 1 2
                    18   4 6 9 2
                    19   3 1 7 2
                    20   1 6 2 2
                    21   3 8 6 2
                    22   4 8 2 2
                    23   2 1 10 2
                    24   4 4 3 1
                    25   3 3 10 2
                    26   4 7 3 2
                    27   3 5 7 2
                    28   2 2 4 1
                    29   3 6 10 2
                    30   1 7 4 2;
param nombreMachine := 5;
param capaciteRessource : 1 2 3 4 :=
                    1     7 14 14 5
                    2     7 11 17 5
                    3     7 16 16 8
                    4     6 11 16 5
                    5     8 10 18 4
end;

