data;
param nombreTypeRessource := 4;
param nombreJob := 30;
param job duree := 1 5 2 8 3 4 4 10 5 2 6 8 7 9 8 4 9 7 10 6 11 9 12 6 13 1 14 8 15 1 16 5 17 1 18 2 19 7 20 6 21 9 22 8 23 6 24 6 25 10 26 1 27 2 28 6 29 1 30 4;
param besoinRessource : 1 2 3 4 :=
                    1   2 2 1 2
                    2   3 2 4 2
                    3   4 6 0 1
                    4   3 8 0 1
                    5   1 7 10 1
                    6   2 8 8 1
                    7   3 6 4 1
                    8   4 6 1 2
                    9   4 3 5 2
                    10   4 2 0 1
                    11   1 1 9 2
                    12   4 6 5 2
                    13   3 8 2 1
                    14   1 5 1 1
                    15   4 2 2 1
                    16   3 5 4 2
                    17   3 6 0 2
                    18   4 8 1 2
                    19   4 5 3 2
                    20   1 1 0 1
                    21   4 3 3 1
                    22   2 6 8 1
                    23   3 1 6 1
                    24   3 5 2 1
                    25   1 7 0 2
                    26   2 8 7 2
                    27   1 7 5 2
                    28   1 7 2 2
                    29   1 1 1 2
                    30   3 3 10 2;
param nombreMachine := 5;
param capaciteRessource : 1 2 3 4 :=
                    1     6 15 17 6
                    2     8 12 17 4
                    3     7 12 16 8
                    4     8 13 17 5
                    5     7 15 17 6
end;

