data;
param nombreTypeRessource := 4;
param nombreJob := 30;
param job duree := 1 1 2 3 3 3 4 3 5 9 6 8 7 4 8 6 9 1 10 2 11 7 12 10 13 7 14 3 15 6 16 10 17 10 18 3 19 7 20 8 21 8 22 8 23 6 24 4 25 6 26 5 27 1 28 3 29 6 30 1;
param besoinRessource : 1 2 3 4 :=
                    1   3 6 8 1
                    2   4 7 0 1
                    3   4 1 9 2
                    4   1 4 1 1
                    5   4 6 9 1
                    6   4 2 7 2
                    7   2 4 10 2
                    8   3 2 7 1
                    9   3 6 3 1
                    10   1 1 4 1
                    11   2 3 6 1
                    12   3 8 6 1
                    13   1 5 9 1
                    14   2 3 2 2
                    15   4 8 10 2
                    16   4 2 2 1
                    17   3 3 8 2
                    18   1 3 7 1
                    19   3 6 4 2
                    20   4 5 6 1
                    21   4 1 3 2
                    22   2 7 10 1
                    23   2 6 5 1
                    24   2 8 10 1
                    25   4 2 10 2
                    26   3 7 6 1
                    27   4 1 6 1
                    28   1 7 0 2
                    29   2 5 1 2
                    30   4 7 6 1;
param nombreMachine := 5;
param capaciteRessource : 1 2 3 4 :=
                    1     8 10 18 4
                    2     6 12 13 4
                    3     6 10 18 7
                    4     7 15 14 8
                    5     6 11 20 7
end;

