data;
param nombreTypeRessource := 4;
param nombreJob := 30;
param job duree := 1 1 2 9 3 5 4 9 5 6 6 3 7 7 8 2 9 9 10 5 11 7 12 7 13 2 14 3 15 6 16 2 17 8 18 3 19 1 20 8 21 9 22 7 23 2 24 2 25 7 26 3 27 1 28 2 29 6 30 3;
param besoinRessource : 1 2 3 4 :=
                    1   2 1 0 2
                    2   2 1 6 1
                    3   4 4 2 2
                    4   4 4 8 1
                    5   1 8 9 1
                    6   1 4 6 2
                    7   4 5 1 2
                    8   1 5 0 1
                    9   3 5 1 2
                    10   2 3 4 1
                    11   2 4 6 2
                    12   1 3 5 1
                    13   2 7 1 2
                    14   2 6 9 2
                    15   4 1 4 1
                    16   4 2 6 1
                    17   4 2 10 2
                    18   3 8 4 2
                    19   1 6 2 2
                    20   1 1 6 1
                    21   2 5 4 1
                    22   1 7 6 2
                    23   1 3 5 2
                    24   3 1 6 1
                    25   3 8 0 2
                    26   1 2 1 2
                    27   2 5 9 2
                    28   1 4 2 2
                    29   4 6 0 1
                    30   2 6 7 2;
param nombreMachine := 5;
param capaciteRessource : 1 2 3 4 :=
                    1     7 10 13 4
                    2     8 14 18 5
                    3     7 12 14 5
                    4     7 16 15 8
                    5     8 11 19 7
end;

