data;
param nombreTypeRessource := 4;
param nombreJob := 30;
param job duree := 1 7 2 1 3 7 4 7 5 2 6 8 7 1 8 4 9 7 10 5 11 7 12 1 13 6 14 1 15 4 16 2 17 6 18 1 19 3 20 6 21 1 22 3 23 5 24 7 25 1 26 6 27 8 28 3 29 1 30 3;
param besoinRessource : 1 2 3 4 :=
                    1   1 5 0 2
                    2   2 1 6 1
                    3   4 4 8 2
                    4   4 2 7 1
                    5   3 1 3 2
                    6   1 6 2 1
                    7   4 6 7 1
                    8   4 8 8 2
                    9   2 3 10 2
                    10   2 4 9 1
                    11   2 2 0 1
                    12   1 5 4 1
                    13   4 4 1 1
                    14   4 2 2 2
                    15   1 8 1 1
                    16   2 3 5 1
                    17   3 4 2 2
                    18   2 1 10 2
                    19   4 4 4 2
                    20   3 6 5 1
                    21   2 4 6 2
                    22   2 8 5 1
                    23   3 7 5 1
                    24   1 8 3 2
                    25   2 3 0 1
                    26   3 2 9 2
                    27   3 5 7 1
                    28   2 1 10 1
                    29   3 6 3 2
                    30   4 4 8 2;
param nombreMachine := 5;
param capaciteRessource : 1 2 3 4 :=
                    1     8 14 15 5
                    2     6 13 17 7
                    3     6 12 15 8
                    4     8 16 14 7
                    5     6 16 20 8
end;

