data;
param nombreTypeRessource := 4;
param nombreJob := 30;
param job duree := 1 1 2 4 3 1 4 1 5 7 6 4 7 1 8 9 9 5 10 10 11 2 12 10 13 5 14 3 15 10 16 10 17 9 18 2 19 2 20 4 21 2 22 7 23 10 24 1 25 3 26 1 27 7 28 10 29 8 30 1;
param besoinRessource : 1 2 3 4 :=
                    1   1 4 0 1
                    2   2 3 7 2
                    3   4 4 5 1
                    4   3 7 1 1
                    5   1 2 5 1
                    6   4 5 3 1
                    7   3 4 2 1
                    8   1 6 7 1
                    9   4 8 3 1
                    10   3 2 9 2
                    11   2 4 4 2
                    12   4 2 5 1
                    13   1 2 4 1
                    14   1 8 8 1
                    15   1 1 5 1
                    16   3 8 0 2
                    17   2 3 3 1
                    18   1 7 4 2
                    19   4 1 3 2
                    20   4 8 1 1
                    21   1 1 8 2
                    22   2 8 10 2
                    23   2 6 5 1
                    24   2 4 4 2
                    25   4 2 1 1
                    26   3 6 3 1
                    27   3 1 8 1
                    28   4 2 5 2
                    29   2 8 8 2
                    30   2 2 9 2;
param nombreMachine := 5;
param capaciteRessource : 1 2 3 4 :=
                    1     6 12 12 7
                    2     6 10 18 6
                    3     6 12 17 6
                    4     8 10 12 4
                    5     6 16 18 7
end;

