data;
param nombreTypeRessource := 4;
param nombreJob := 30;
param job duree := 1 3 2 2 3 4 4 1 5 8 6 2 7 9 8 4 9 7 10 10 11 10 12 3 13 5 14 4 15 7 16 2 17 8 18 8 19 10 20 4 21 10 22 8 23 5 24 4 25 8 26 6 27 1 28 8 29 1 30 5;
param besoinRessource : 1 2 3 4 :=
                    1   3 3 2 1
                    2   3 4 5 2
                    3   3 8 10 2
                    4   1 4 6 2
                    5   2 8 3 1
                    6   2 1 5 2
                    7   3 7 7 2
                    8   3 7 10 1
                    9   1 6 3 1
                    10   3 5 9 1
                    11   2 8 2 1
                    12   4 3 0 1
                    13   3 2 9 1
                    14   1 4 7 2
                    15   3 6 3 2
                    16   1 3 0 2
                    17   2 1 10 2
                    18   3 2 7 1
                    19   2 7 2 2
                    20   4 1 4 2
                    21   3 6 0 2
                    22   3 3 10 2
                    23   1 3 6 2
                    24   2 1 2 2
                    25   2 5 4 1
                    26   3 3 3 1
                    27   1 1 4 2
                    28   4 5 6 1
                    29   1 2 5 2
                    30   3 1 6 1;
param nombreMachine := 5;
param capaciteRessource : 1 2 3 4 :=
                    1     8 15 15 7
                    2     6 12 19 4
                    3     8 11 16 5
                    4     8 12 19 7
                    5     6 11 12 4
end;

