data;
param nombreTypeRessource := 4;
param nombreJob := 30;
param job duree := 1 4 2 1 3 7 4 10 5 6 6 7 7 4 8 8 9 1 10 4 11 6 12 1 13 4 14 2 15 8 16 9 17 10 18 2 19 8 20 4 21 3 22 8 23 9 24 10 25 4 26 9 27 6 28 5 29 2 30 3;
param besoinRessource : 1 2 3 4 :=
                    1   3 8 3 2
                    2   1 3 1 2
                    3   4 6 7 1
                    4   1 6 8 2
                    5   2 8 9 2
                    6   4 8 5 2
                    7   1 7 7 1
                    8   3 4 6 2
                    9   1 4 9 2
                    10   4 2 5 1
                    11   4 3 6 1
                    12   1 4 7 2
                    13   1 7 0 1
                    14   2 4 7 1
                    15   4 5 0 1
                    16   3 8 3 2
                    17   2 7 0 2
                    18   3 5 5 2
                    19   3 4 8 2
                    20   1 6 10 1
                    21   4 3 1 1
                    22   1 2 4 1
                    23   4 3 9 1
                    24   3 7 3 1
                    25   4 3 9 1
                    26   4 8 8 1
                    27   2 3 6 1
                    28   2 5 2 2
                    29   3 8 3 2
                    30   3 6 4 1;
param nombreMachine := 5;
param capaciteRessource : 1 2 3 4 :=
                    1     7 16 12 7
                    2     8 15 19 4
                    3     6 10 19 4
                    4     7 12 13 5
                    5     8 10 12 5
end;

