data;
param nombreTypeRessource := 4;
param nombreJob := 30;
param job duree := 1 10 2 3 3 7 4 10 5 5 6 9 7 3 8 7 9 1 10 1 11 8 12 4 13 3 14 7 15 5 16 5 17 2 18 6 19 6 20 3 21 3 22 10 23 2 24 1 25 4 26 8 27 5 28 4 29 6 30 7;
param besoinRessource : 1 2 3 4 :=
                    1   3 1 10 1
                    2   3 2 7 2
                    3   3 3 5 2
                    4   2 2 2 1
                    5   4 6 10 1
                    6   3 1 2 1
                    7   2 6 7 1
                    8   1 4 5 2
                    9   1 1 2 2
                    10   2 5 0 1
                    11   2 3 5 2
                    12   2 8 10 1
                    13   4 5 10 2
                    14   4 1 7 1
                    15   2 8 2 1
                    16   1 7 6 2
                    17   4 3 5 1
                    18   3 4 9 1
                    19   4 5 10 2
                    20   2 3 5 2
                    21   2 4 5 1
                    22   3 4 5 2
                    23   3 2 5 1
                    24   3 3 6 1
                    25   2 7 4 2
                    26   3 3 4 2
                    27   3 6 9 1
                    28   3 2 2 1
                    29   2 1 3 1
                    30   1 5 10 1;
param nombreMachine := 5;
param capaciteRessource : 1 2 3 4 :=
                    1     8 16 12 6
                    2     8 10 17 6
                    3     6 14 13 5
                    4     7 11 12 7
                    5     6 16 15 6
end;

