data;
param nombreTypeRessource := 4;
param nombreJob := 30;
param job duree := 1 6 2 3 3 6 4 5 5 2 6 7 7 7 8 9 9 3 10 5 11 10 12 8 13 8 14 4 15 1 16 1 17 10 18 3 19 6 20 9 21 2 22 10 23 5 24 6 25 5 26 2 27 3 28 10 29 3 30 6;
param besoinRessource : 1 2 3 4 :=
                    1   3 7 8 1
                    2   3 2 7 1
                    3   2 8 0 2
                    4   2 1 0 2
                    5   2 6 3 1
                    6   1 8 6 2
                    7   4 7 4 2
                    8   1 8 2 1
                    9   3 3 3 1
                    10   2 3 9 2
                    11   1 6 4 2
                    12   4 8 10 2
                    13   3 8 6 1
                    14   2 6 1 1
                    15   3 8 4 1
                    16   2 2 1 2
                    17   4 6 2 2
                    18   1 6 6 1
                    19   3 7 5 2
                    20   2 6 3 2
                    21   4 7 4 2
                    22   2 4 8 1
                    23   2 4 7 1
                    24   2 3 6 1
                    25   2 3 8 1
                    26   2 5 0 2
                    27   4 4 10 2
                    28   4 4 3 2
                    29   1 7 8 2
                    30   1 1 8 1;
param nombreMachine := 5;
param capaciteRessource : 1 2 3 4 :=
                    1     6 16 15 6
                    2     6 13 12 7
                    3     8 14 18 6
                    4     7 13 17 6
                    5     7 16 18 5
end;

