data;
param nombreTypeRessource := 4;
param nombreJob := 30;
param job duree := 1 3 2 8 3 6 4 6 5 5 6 2 7 10 8 7 9 1 10 4 11 5 12 7 13 4 14 10 15 4 16 1 17 7 18 1 19 3 20 1 21 5 22 1 23 6 24 10 25 8 26 5 27 7 28 6 29 3 30 8;
param besoinRessource : 1 2 3 4 :=
                    1   3 6 1 1
                    2   4 1 5 1
                    3   4 3 0 1
                    4   1 4 8 1
                    5   1 3 10 2
                    6   3 2 0 2
                    7   3 3 0 2
                    8   3 6 6 1
                    9   3 6 0 1
                    10   2 6 7 2
                    11   3 6 10 1
                    12   2 6 9 2
                    13   4 1 9 1
                    14   3 6 3 2
                    15   4 8 4 1
                    16   4 8 7 1
                    17   4 5 0 1
                    18   1 8 7 2
                    19   1 8 10 2
                    20   3 7 1 2
                    21   4 4 1 1
                    22   2 4 0 1
                    23   2 6 4 1
                    24   2 7 7 2
                    25   2 4 9 2
                    26   4 5 6 1
                    27   2 1 7 2
                    28   4 8 1 2
                    29   4 4 1 2
                    30   1 1 1 2;
param nombreMachine := 5;
param capaciteRessource : 1 2 3 4 :=
                    1     7 12 18 7
                    2     8 13 20 7
                    3     8 14 16 7
                    4     8 13 16 4
                    5     8 16 13 8
end;

