data;
param nombreTypeRessource := 4;
param nombreJob := 30;
param job duree := 1 2 2 7 3 8 4 5 5 6 6 10 7 7 8 6 9 6 10 5 11 7 12 3 13 1 14 4 15 3 16 1 17 8 18 4 19 8 20 6 21 4 22 4 23 6 24 3 25 2 26 9 27 4 28 8 29 8 30 2;
param besoinRessource : 1 2 3 4 :=
                    1   2 8 1 2
                    2   3 2 1 1
                    3   1 5 2 2
                    4   4 1 0 1
                    5   3 7 1 1
                    6   4 1 7 2
                    7   1 3 5 2
                    8   4 8 10 2
                    9   4 7 10 1
                    10   4 8 5 1
                    11   4 3 1 1
                    12   1 6 8 2
                    13   4 8 1 1
                    14   1 8 1 1
                    15   3 6 4 2
                    16   4 8 8 2
                    17   2 4 4 2
                    18   3 1 10 2
                    19   4 1 7 2
                    20   1 8 8 2
                    21   3 3 5 1
                    22   3 6 9 2
                    23   2 7 9 1
                    24   3 5 6 1
                    25   1 5 7 1
                    26   4 7 2 1
                    27   1 7 9 2
                    28   1 8 6 2
                    29   3 2 6 1
                    30   4 2 4 2;
param nombreMachine := 5;
param capaciteRessource : 1 2 3 4 :=
                    1     7 13 19 6
                    2     8 13 19 5
                    3     6 12 13 8
                    4     6 13 12 8
                    5     7 14 20 8
end;

