data;
param nombreTypeRessource := 4;
param nombreJob := 100;
param job duree := 1 8 2 10 3 2 4 3 5 9 6 1 7 7 8 10 9 6 10 8 11 4 12 7 13 1 14 8 15 9 16 1 17 2 18 10 19 1 20 7 21 1 22 1 23 9 24 10 25 8 26 6 27 2 28 10 29 7 30 7 31 8 32 7 33 3 34 8 35 4 36 8 37 8 38 4 39 9 40 2 41 7 42 6 43 2 44 4 45 1 46 3 47 1 48 1 49 2 50 9 51 1 52 9 53 8 54 8 55 1 56 2 57 10 58 8 59 10 60 5 61 2 62 6 63 8 64 9 65 8 66 6 67 9 68 8 69 10 70 9 71 2 72 8 73 2 74 3 75 6 76 7 77 8 78 8 79 5 80 7 81 4 82 1 83 3 84 4 85 1 86 1 87 2 88 8 89 7 90 2 91 10 92 5 93 9 94 3 95 7 96 9 97 4 98 7 99 2 100 8;
param besoinRessource : 1 2 3 4 :=
                    1   3 1 9 2
                    2   4 8 7 2
                    3   4 2 4 2
                    4   3 2 8 1
                    5   2 1 10 1
                    6   2 2 8 1
                    7   3 1 4 1
                    8   2 5 5 2
                    9   4 6 4 2
                    10   4 4 0 1
                    11   1 5 1 2
                    12   3 4 0 2
                    13   4 1 0 2
                    14   2 8 6 1
                    15   3 1 0 2
                    16   1 7 4 2
                    17   4 8 7 1
                    18   3 3 0 2
                    19   2 2 0 1
                    20   4 2 4 1
                    21   2 7 5 1
                    22   3 6 3 1
                    23   2 1 10 2
                    24   1 6 0 2
                    25   1 3 8 2
                    26   2 1 6 1
                    27   4 6 7 1
                    28   4 7 7 2
                    29   3 8 1 2
                    30   1 6 8 2
                    31   2 5 6 2
                    32   4 6 8 2
                    33   3 4 9 2
                    34   1 6 6 1
                    35   1 5 2 1
                    36   3 5 10 2
                    37   2 1 8 1
                    38   3 5 2 1
                    39   3 2 2 1
                    40   1 1 5 2
                    41   3 3 10 2
                    42   1 2 9 1
                    43   1 6 8 1
                    44   3 1 6 1
                    45   2 8 2 1
                    46   4 8 1 1
                    47   4 1 3 1
                    48   3 1 8 1
                    49   4 4 1 1
                    50   1 1 1 2
                    51   4 8 9 1
                    52   3 3 5 2
                    53   2 4 8 2
                    54   1 4 2 2
                    55   2 2 6 1
                    56   4 4 7 1
                    57   4 5 10 2
                    58   4 8 7 1
                    59   1 4 4 2
                    60   4 5 5 2
                    61   4 6 5 1
                    62   4 3 7 1
                    63   2 3 6 2
                    64   2 6 9 1
                    65   4 7 7 2
                    66   3 5 2 2
                    67   2 8 1 2
                    68   3 8 8 1
                    69   2 5 0 1
                    70   4 8 7 1
                    71   4 4 8 2
                    72   1 2 0 2
                    73   2 3 10 1
                    74   1 1 1 2
                    75   1 7 1 2
                    76   1 6 6 2
                    77   3 1 6 2
                    78   1 5 5 2
                    79   3 8 1 2
                    80   2 6 8 2
                    81   1 3 8 2
                    82   1 2 0 2
                    83   1 6 0 2
                    84   1 8 2 2
                    85   2 8 6 2
                    86   3 6 6 1
                    87   3 2 10 2
                    88   4 1 2 1
                    89   3 6 2 1
                    90   1 6 8 2
                    91   3 6 8 2
                    92   2 5 3 1
                    93   2 5 4 1
                    94   4 4 5 2
                    95   1 6 3 2
                    96   3 2 9 2
                    97   3 5 5 2
                    98   1 7 0 2
                    99   2 1 3 2
                    100   4 5 3 2;
param nombreMachine := 5;
param capaciteRessource : 1 2 3 4 :=
                    1     8 14 17 4
                    2     8 15 16 5
                    3     7 13 18 7
                    4     7 11 16 8
                    5     7 10 20 8
end;

