data;
param nombreTypeRessource := 4;
param nombreJob := 100;
param job duree := 1 6 2 2 3 2 4 1 5 8 6 2 7 3 8 2 9 8 10 6 11 3 12 2 13 8 14 7 15 2 16 2 17 2 18 9 19 1 20 7 21 6 22 7 23 8 24 2 25 1 26 1 27 10 28 4 29 7 30 8 31 5 32 6 33 4 34 3 35 2 36 6 37 1 38 4 39 6 40 1 41 10 42 6 43 8 44 4 45 8 46 6 47 8 48 9 49 1 50 4 51 3 52 2 53 5 54 8 55 7 56 4 57 5 58 7 59 2 60 4 61 1 62 4 63 3 64 5 65 3 66 6 67 1 68 6 69 1 70 3 71 5 72 4 73 8 74 5 75 1 76 2 77 5 78 2 79 5 80 5 81 5 82 10 83 3 84 3 85 9 86 1 87 3 88 2 89 9 90 6 91 1 92 3 93 4 94 9 95 7 96 5 97 1 98 5 99 2 100 3;
param besoinRessource : 1 2 3 4 :=
                    1   1 7 3 1
                    2   2 3 5 1
                    3   3 5 4 1
                    4   4 5 3 2
                    5   3 2 5 2
                    6   3 3 4 1
                    7   3 1 1 1
                    8   4 2 8 2
                    9   4 5 1 2
                    10   3 2 9 1
                    11   4 6 8 2
                    12   4 1 2 2
                    13   2 1 10 2
                    14   3 7 4 2
                    15   3 3 8 1
                    16   3 2 4 2
                    17   4 7 1 2
                    18   1 2 1 2
                    19   4 7 0 2
                    20   2 7 4 1
                    21   1 1 2 2
                    22   2 6 2 1
                    23   2 6 1 2
                    24   3 2 6 2
                    25   2 8 2 2
                    26   1 8 1 1
                    27   2 3 4 2
                    28   4 4 4 1
                    29   4 5 4 1
                    30   4 6 9 1
                    31   4 2 1 2
                    32   2 6 9 2
                    33   2 5 2 2
                    34   4 3 10 1
                    35   2 7 8 2
                    36   1 5 4 1
                    37   1 8 9 2
                    38   3 4 1 1
                    39   1 4 10 2
                    40   1 6 8 2
                    41   4 5 9 2
                    42   1 3 3 1
                    43   4 7 4 1
                    44   2 2 1 1
                    45   2 3 6 2
                    46   2 8 5 1
                    47   2 6 0 2
                    48   4 2 7 1
                    49   4 5 10 1
                    50   4 4 7 2
                    51   4 5 2 2
                    52   3 7 4 2
                    53   1 2 8 1
                    54   4 4 1 2
                    55   2 4 9 2
                    56   1 4 3 2
                    57   1 3 3 2
                    58   2 8 3 2
                    59   1 3 1 1
                    60   2 7 7 1
                    61   1 8 3 2
                    62   1 4 10 1
                    63   1 4 8 1
                    64   4 4 5 2
                    65   4 7 2 1
                    66   4 7 3 1
                    67   3 4 7 2
                    68   4 8 9 2
                    69   2 7 7 1
                    70   1 3 1 1
                    71   2 1 3 2
                    72   4 8 9 1
                    73   2 4 8 1
                    74   1 2 9 2
                    75   4 6 3 1
                    76   2 8 2 1
                    77   2 7 1 1
                    78   2 3 10 2
                    79   2 6 3 2
                    80   2 3 5 1
                    81   3 7 10 1
                    82   2 7 2 1
                    83   4 5 8 2
                    84   3 8 7 2
                    85   1 2 7 2
                    86   1 7 3 2
                    87   1 5 5 2
                    88   2 2 9 1
                    89   3 4 8 2
                    90   2 2 1 1
                    91   3 5 1 2
                    92   4 6 2 1
                    93   1 4 3 1
                    94   1 4 3 2
                    95   3 2 8 2
                    96   4 3 4 1
                    97   2 3 10 1
                    98   1 1 6 1
                    99   4 7 7 2
                    100   4 6 6 2;
param nombreMachine := 5;
param capaciteRessource : 1 2 3 4 :=
                    1     7 11 16 5
                    2     6 10 18 8
                    3     7 16 12 7
                    4     6 10 16 4
                    5     6 16 14 5
end;

