data;
param nombreTypeRessource := 4;
param nombreJob := 100;
param job duree := 1 5 2 3 3 1 4 2 5 2 6 10 7 9 8 4 9 3 10 6 11 7 12 1 13 6 14 10 15 1 16 5 17 2 18 2 19 2 20 2 21 3 22 3 23 7 24 8 25 1 26 5 27 2 28 7 29 3 30 1 31 6 32 1 33 9 34 4 35 4 36 4 37 3 38 1 39 10 40 3 41 1 42 3 43 7 44 9 45 1 46 6 47 7 48 10 49 9 50 5 51 3 52 10 53 10 54 6 55 6 56 2 57 7 58 5 59 10 60 8 61 4 62 4 63 8 64 2 65 9 66 7 67 7 68 4 69 10 70 2 71 7 72 7 73 8 74 7 75 1 76 1 77 4 78 2 79 4 80 6 81 5 82 4 83 2 84 9 85 3 86 7 87 3 88 6 89 7 90 8 91 7 92 3 93 4 94 4 95 10 96 5 97 1 98 3 99 10 100 4;
param besoinRessource : 1 2 3 4 :=
                    1   2 8 0 2
                    2   2 5 8 1
                    3   2 5 2 1
                    4   3 1 2 2
                    5   4 2 10 1
                    6   3 7 4 2
                    7   1 2 4 1
                    8   4 6 10 2
                    9   2 5 7 2
                    10   1 2 10 1
                    11   3 6 9 1
                    12   4 6 5 2
                    13   4 6 7 2
                    14   4 1 8 2
                    15   3 1 6 1
                    16   4 7 0 1
                    17   1 6 2 2
                    18   1 5 5 1
                    19   1 5 4 1
                    20   2 7 7 2
                    21   1 7 5 2
                    22   3 5 0 1
                    23   3 8 1 1
                    24   3 1 5 2
                    25   4 6 4 1
                    26   1 4 3 1
                    27   3 8 10 1
                    28   3 5 9 1
                    29   3 8 2 1
                    30   3 2 9 2
                    31   2 6 10 1
                    32   3 5 5 1
                    33   1 8 8 2
                    34   1 5 3 1
                    35   1 1 1 1
                    36   2 3 5 1
                    37   4 3 3 1
                    38   4 4 9 1
                    39   3 4 9 2
                    40   4 6 8 2
                    41   2 4 6 2
                    42   2 3 9 2
                    43   2 8 4 1
                    44   1 8 5 2
                    45   4 2 5 2
                    46   2 6 3 1
                    47   2 5 7 2
                    48   4 1 1 1
                    49   1 1 4 1
                    50   1 4 1 1
                    51   1 7 0 1
                    52   2 1 7 2
                    53   2 8 0 2
                    54   3 5 2 2
                    55   3 7 5 1
                    56   4 4 9 2
                    57   4 1 2 1
                    58   2 2 3 1
                    59   1 7 5 1
                    60   1 7 2 2
                    61   1 7 0 1
                    62   3 1 0 1
                    63   1 3 7 2
                    64   2 1 5 2
                    65   2 8 9 1
                    66   1 1 1 2
                    67   1 3 7 1
                    68   3 3 3 1
                    69   2 7 10 2
                    70   1 6 0 2
                    71   4 4 7 2
                    72   1 1 8 2
                    73   3 8 0 2
                    74   1 8 0 2
                    75   1 2 4 2
                    76   4 8 5 2
                    77   1 7 10 1
                    78   3 8 7 1
                    79   3 3 1 2
                    80   2 5 0 1
                    81   1 3 8 2
                    82   4 2 1 2
                    83   4 4 3 1
                    84   2 5 6 1
                    85   1 4 1 1
                    86   1 8 2 1
                    87   4 2 7 1
                    88   4 6 6 2
                    89   1 7 4 1
                    90   2 2 8 2
                    91   4 1 5 1
                    92   2 7 4 2
                    93   4 8 0 1
                    94   1 6 4 1
                    95   2 8 10 2
                    96   4 7 7 1
                    97   1 4 5 2
                    98   2 5 9 1
                    99   2 4 10 1
                    100   4 6 10 2;
param nombreMachine := 5;
param capaciteRessource : 1 2 3 4 :=
                    1     8 15 14 6
                    2     8 13 16 8
                    3     8 10 19 5
                    4     8 12 12 7
                    5     6 13 17 8
end;

