data;
param nombreTypeRessource := 4;
param nombreJob := 100;
param job duree := 1 7 2 6 3 8 4 4 5 7 6 7 7 4 8 1 9 4 10 8 11 10 12 4 13 10 14 7 15 7 16 4 17 10 18 3 19 4 20 10 21 9 22 4 23 4 24 1 25 4 26 8 27 5 28 2 29 1 30 9 31 8 32 1 33 6 34 4 35 9 36 1 37 3 38 7 39 1 40 5 41 4 42 1 43 1 44 2 45 3 46 5 47 3 48 9 49 8 50 1 51 4 52 8 53 8 54 7 55 5 56 2 57 9 58 5 59 2 60 10 61 9 62 7 63 7 64 2 65 2 66 7 67 1 68 2 69 6 70 7 71 7 72 7 73 2 74 9 75 6 76 7 77 1 78 10 79 8 80 2 81 9 82 1 83 8 84 4 85 8 86 2 87 8 88 8 89 3 90 4 91 5 92 8 93 10 94 5 95 6 96 4 97 9 98 6 99 4 100 8;
param besoinRessource : 1 2 3 4 :=
                    1   3 1 10 1
                    2   4 6 8 1
                    3   1 6 8 1
                    4   2 7 1 1
                    5   4 6 1 2
                    6   4 5 8 2
                    7   1 4 6 1
                    8   4 2 7 2
                    9   4 4 6 1
                    10   2 7 5 1
                    11   2 8 8 2
                    12   3 5 4 1
                    13   3 8 2 1
                    14   3 8 0 2
                    15   4 2 4 2
                    16   2 7 4 1
                    17   4 7 5 1
                    18   1 1 2 2
                    19   1 8 2 2
                    20   4 1 2 1
                    21   4 2 0 2
                    22   3 2 6 2
                    23   4 7 4 2
                    24   3 6 0 1
                    25   1 5 7 1
                    26   1 8 6 1
                    27   4 7 7 2
                    28   3 7 7 1
                    29   4 6 4 1
                    30   1 2 2 2
                    31   1 4 9 2
                    32   4 8 0 2
                    33   3 6 1 1
                    34   1 6 8 2
                    35   3 1 1 1
                    36   2 1 5 1
                    37   4 1 5 1
                    38   3 1 7 1
                    39   3 8 0 1
                    40   1 6 2 1
                    41   2 3 10 2
                    42   4 1 2 2
                    43   2 8 4 1
                    44   2 5 10 2
                    45   3 5 5 2
                    46   3 3 4 1
                    47   3 3 3 2
                    48   2 4 6 1
                    49   4 5 3 2
                    50   1 5 7 2
                    51   4 3 10 2
                    52   2 2 3 2
                    53   3 7 10 1
                    54   3 1 0 1
                    55   1 2 2 2
                    56   4 3 10 1
                    57   3 3 6 1
                    58   4 5 5 1
                    59   3 3 4 1
                    60   4 2 9 1
                    61   3 4 3 1
                    62   4 1 3 1
                    63   4 6 9 1
                    64   4 8 3 2
                    65   1 5 10 1
                    66   3 3 6 1
                    67   4 4 6 2
                    68   1 3 6 1
                    69   1 3 9 1
                    70   2 1 7 1
                    71   1 1 10 2
                    72   2 8 2 1
                    73   1 5 8 2
                    74   2 2 8 2
                    75   3 1 6 2
                    76   3 7 1 2
                    77   3 2 10 2
                    78   2 6 9 2
                    79   2 1 5 2
                    80   2 4 10 2
                    81   1 5 10 1
                    82   1 2 5 1
                    83   2 5 10 1
                    84   2 8 1 2
                    85   4 7 8 1
                    86   4 7 0 1
                    87   2 4 1 2
                    88   4 5 8 2
                    89   1 1 6 1
                    90   1 7 8 1
                    91   1 3 9 1
                    92   1 3 3 1
                    93   3 2 1 2
                    94   4 4 4 1
                    95   4 1 0 2
                    96   2 4 5 2
                    97   1 5 4 2
                    98   3 4 6 1
                    99   2 1 1 1
                    100   3 1 1 2;
param nombreMachine := 5;
param capaciteRessource : 1 2 3 4 :=
                    1     8 16 18 6
                    2     7 16 12 5
                    3     7 15 14 6
                    4     7 12 18 8
                    5     6 12 16 4
end;

