data;
param nombreTypeRessource := 4;
param nombreJob := 100;
param job duree := 1 10 2 7 3 4 4 1 5 3 6 7 7 6 8 7 9 9 10 1 11 8 12 5 13 9 14 3 15 10 16 9 17 10 18 5 19 3 20 2 21 8 22 2 23 4 24 9 25 4 26 4 27 6 28 5 29 9 30 1 31 2 32 3 33 10 34 5 35 1 36 3 37 9 38 10 39 1 40 6 41 3 42 10 43 6 44 4 45 9 46 7 47 10 48 9 49 10 50 5 51 1 52 1 53 1 54 9 55 9 56 7 57 9 58 8 59 8 60 10 61 5 62 4 63 9 64 8 65 6 66 8 67 7 68 6 69 9 70 2 71 2 72 3 73 5 74 7 75 9 76 1 77 7 78 3 79 6 80 3 81 7 82 9 83 7 84 1 85 4 86 5 87 6 88 9 89 5 90 4 91 9 92 3 93 7 94 9 95 3 96 5 97 4 98 3 99 3 100 1;
param besoinRessource : 1 2 3 4 :=
                    1   3 2 4 2
                    2   3 1 2 2
                    3   1 1 3 1
                    4   3 2 0 1
                    5   3 3 0 2
                    6   2 3 10 2
                    7   3 6 10 1
                    8   2 2 6 1
                    9   4 4 10 2
                    10   2 2 1 1
                    11   3 1 5 1
                    12   2 4 3 1
                    13   3 2 3 1
                    14   3 2 3 1
                    15   4 3 10 1
                    16   1 3 3 2
                    17   1 8 0 2
                    18   4 3 10 1
                    19   3 4 8 1
                    20   1 8 7 1
                    21   4 3 6 1
                    22   2 6 1 2
                    23   4 6 5 1
                    24   2 7 5 1
                    25   4 1 1 1
                    26   3 4 2 1
                    27   4 3 0 1
                    28   1 6 9 2
                    29   2 2 4 1
                    30   3 6 3 1
                    31   1 6 2 1
                    32   4 2 6 2
                    33   2 1 9 1
                    34   3 1 3 2
                    35   1 8 7 2
                    36   4 3 8 2
                    37   2 2 3 2
                    38   2 2 10 2
                    39   2 7 2 2
                    40   1 4 6 1
                    41   2 5 3 1
                    42   2 3 10 1
                    43   4 8 5 2
                    44   1 8 5 2
                    45   4 5 9 1
                    46   3 2 2 1
                    47   1 6 1 2
                    48   2 4 2 2
                    49   4 3 10 2
                    50   3 2 10 2
                    51   4 8 9 1
                    52   2 4 10 1
                    53   4 4 2 1
                    54   3 5 7 2
                    55   2 5 10 2
                    56   3 2 0 1
                    57   4 3 5 1
                    58   2 2 1 1
                    59   1 2 9 1
                    60   4 6 2 1
                    61   2 3 5 1
                    62   2 7 10 2
                    63   3 5 4 1
                    64   3 8 7 2
                    65   3 3 7 2
                    66   1 7 1 1
                    67   4 6 3 2
                    68   1 6 2 1
                    69   4 3 4 2
                    70   4 6 7 2
                    71   2 8 6 1
                    72   4 1 5 2
                    73   2 4 8 1
                    74   4 2 2 2
                    75   4 8 2 2
                    76   4 3 2 2
                    77   3 8 9 2
                    78   3 4 2 2
                    79   1 8 8 1
                    80   4 3 1 1
                    81   1 8 0 2
                    82   3 2 1 2
                    83   3 5 6 2
                    84   2 2 8 1
                    85   1 8 1 1
                    86   1 3 3 2
                    87   3 7 6 2
                    88   2 7 5 1
                    89   2 4 8 2
                    90   2 2 6 2
                    91   4 1 1 2
                    92   1 6 7 1
                    93   1 7 1 2
                    94   1 2 3 2
                    95   4 8 9 1
                    96   4 3 5 1
                    97   3 4 8 1
                    98   4 8 10 2
                    99   4 4 1 2
                    100   3 8 5 2;
param nombreMachine := 5;
param capaciteRessource : 1 2 3 4 :=
                    1     7 12 19 7
                    2     6 10 17 4
                    3     6 15 13 7
                    4     8 16 16 7
                    5     7 15 18 5
end;

