data;
param nombreTypeRessource := 4;
param nombreJob := 100;
param job duree := 1 2 2 3 3 8 4 6 5 10 6 4 7 7 8 4 9 9 10 6 11 5 12 7 13 10 14 2 15 5 16 4 17 6 18 4 19 3 20 9 21 6 22 4 23 10 24 7 25 3 26 4 27 2 28 1 29 5 30 6 31 1 32 9 33 2 34 1 35 1 36 3 37 7 38 2 39 6 40 2 41 1 42 9 43 6 44 8 45 3 46 10 47 7 48 9 49 7 50 2 51 9 52 9 53 8 54 3 55 6 56 10 57 6 58 4 59 1 60 9 61 8 62 8 63 3 64 10 65 9 66 10 67 7 68 4 69 6 70 9 71 7 72 9 73 9 74 9 75 5 76 7 77 6 78 2 79 9 80 1 81 7 82 9 83 1 84 8 85 2 86 9 87 5 88 7 89 3 90 6 91 7 92 4 93 5 94 4 95 1 96 6 97 3 98 2 99 7 100 8;
param besoinRessource : 1 2 3 4 :=
                    1   4 2 10 1
                    2   4 6 0 1
                    3   1 4 8 2
                    4   1 8 3 1
                    5   4 7 2 1
                    6   3 1 7 2
                    7   4 1 6 2
                    8   4 6 8 2
                    9   4 6 5 2
                    10   2 7 8 1
                    11   4 4 4 1
                    12   1 1 3 2
                    13   3 5 9 1
                    14   2 3 7 1
                    15   2 4 6 1
                    16   4 5 1 2
                    17   1 4 8 1
                    18   2 8 2 2
                    19   3 4 8 2
                    20   2 7 5 2
                    21   4 3 7 2
                    22   4 2 5 1
                    23   2 7 7 1
                    24   1 3 10 2
                    25   1 3 8 2
                    26   3 4 4 1
                    27   2 4 10 2
                    28   4 5 1 2
                    29   4 5 1 1
                    30   2 7 1 2
                    31   1 2 8 1
                    32   2 8 7 2
                    33   4 3 10 2
                    34   4 5 10 1
                    35   1 5 5 1
                    36   1 6 10 1
                    37   2 5 7 2
                    38   4 3 2 1
                    39   4 5 10 1
                    40   2 8 6 2
                    41   4 5 8 1
                    42   3 1 8 2
                    43   4 8 6 1
                    44   1 2 8 2
                    45   3 6 6 1
                    46   4 4 0 1
                    47   2 7 5 2
                    48   1 4 8 2
                    49   2 5 10 1
                    50   2 5 8 2
                    51   2 7 2 1
                    52   1 3 0 2
                    53   1 1 0 1
                    54   3 2 10 1
                    55   3 1 1 1
                    56   3 7 7 1
                    57   1 4 10 1
                    58   3 6 7 2
                    59   3 7 1 2
                    60   2 2 0 2
                    61   3 6 9 2
                    62   2 4 9 2
                    63   1 1 10 1
                    64   4 2 7 1
                    65   1 3 2 2
                    66   4 1 0 2
                    67   1 3 9 2
                    68   2 1 10 1
                    69   4 5 2 2
                    70   4 6 4 1
                    71   1 4 3 2
                    72   3 4 9 2
                    73   1 4 9 1
                    74   2 8 5 1
                    75   4 8 7 1
                    76   2 8 2 1
                    77   1 8 4 2
                    78   2 4 5 2
                    79   2 2 0 1
                    80   3 1 7 1
                    81   1 1 10 2
                    82   2 6 10 1
                    83   2 5 10 1
                    84   2 7 6 2
                    85   2 4 7 1
                    86   3 8 4 2
                    87   4 5 5 1
                    88   2 7 9 1
                    89   1 3 10 2
                    90   2 1 7 1
                    91   4 3 7 2
                    92   3 7 5 1
                    93   1 4 0 1
                    94   2 4 6 2
                    95   4 1 8 2
                    96   3 2 4 2
                    97   1 8 3 1
                    98   4 8 5 2
                    99   3 2 3 2
                    100   4 5 4 2;
param nombreMachine := 5;
param capaciteRessource : 1 2 3 4 :=
                    1     6 11 19 4
                    2     6 13 17 5
                    3     7 11 20 7
                    4     7 13 18 5
                    5     6 10 17 5
end;

