data;
param nombreTypeRessource := 4;
param nombreJob := 100;
param job duree := 1 7 2 3 3 6 4 3 5 7 6 3 7 8 8 1 9 4 10 7 11 7 12 5 13 4 14 6 15 4 16 10 17 6 18 2 19 7 20 7 21 3 22 9 23 8 24 2 25 7 26 10 27 10 28 10 29 10 30 3 31 8 32 3 33 5 34 1 35 2 36 1 37 2 38 3 39 1 40 2 41 10 42 8 43 3 44 1 45 5 46 10 47 8 48 10 49 10 50 8 51 2 52 5 53 6 54 6 55 1 56 1 57 3 58 7 59 1 60 3 61 1 62 6 63 10 64 9 65 8 66 3 67 2 68 6 69 6 70 4 71 4 72 2 73 3 74 6 75 1 76 10 77 7 78 6 79 8 80 1 81 4 82 8 83 8 84 4 85 3 86 2 87 5 88 4 89 1 90 4 91 5 92 5 93 5 94 6 95 9 96 9 97 8 98 4 99 4 100 9;
param besoinRessource : 1 2 3 4 :=
                    1   3 3 6 2
                    2   4 6 1 1
                    3   1 7 4 2
                    4   2 1 6 1
                    5   1 3 5 2
                    6   3 6 7 1
                    7   4 7 6 2
                    8   3 1 10 2
                    9   4 2 9 2
                    10   1 6 8 1
                    11   1 1 0 1
                    12   3 3 5 1
                    13   2 6 0 1
                    14   4 4 4 2
                    15   3 8 8 2
                    16   2 1 8 2
                    17   4 5 6 2
                    18   4 5 9 1
                    19   2 4 0 1
                    20   2 5 7 2
                    21   2 4 1 1
                    22   4 6 7 1
                    23   2 5 10 2
                    24   4 3 4 1
                    25   2 3 10 2
                    26   4 5 2 2
                    27   3 1 7 2
                    28   2 7 0 2
                    29   3 7 3 2
                    30   4 7 3 2
                    31   4 2 5 1
                    32   1 7 8 1
                    33   3 8 3 1
                    34   1 8 1 1
                    35   1 3 5 2
                    36   4 4 3 2
                    37   1 8 5 1
                    38   2 6 10 2
                    39   1 2 2 2
                    40   1 2 1 2
                    41   4 8 9 2
                    42   1 7 10 2
                    43   2 5 5 1
                    44   1 7 2 1
                    45   4 8 3 1
                    46   4 6 3 1
                    47   2 3 8 2
                    48   4 1 9 2
                    49   3 2 7 1
                    50   4 1 9 1
                    51   1 2 0 2
                    52   4 5 3 2
                    53   2 5 0 2
                    54   2 7 6 1
                    55   2 3 10 1
                    56   4 7 2 2
                    57   1 7 0 1
                    58   3 7 2 1
                    59   1 2 6 1
                    60   2 5 7 2
                    61   3 7 3 1
                    62   2 7 0 1
                    63   3 5 6 1
                    64   2 3 2 2
                    65   2 5 7 1
                    66   4 4 2 1
                    67   2 7 7 1
                    68   4 6 4 1
                    69   4 3 3 1
                    70   2 6 0 2
                    71   2 8 10 2
                    72   1 7 3 2
                    73   1 5 6 2
                    74   3 6 4 2
                    75   1 3 7 1
                    76   2 7 9 2
                    77   1 7 1 2
                    78   3 3 8 1
                    79   3 4 9 2
                    80   2 4 1 2
                    81   1 5 5 2
                    82   2 7 1 2
                    83   1 5 10 2
                    84   2 6 2 1
                    85   3 2 5 1
                    86   1 8 0 1
                    87   3 7 2 2
                    88   4 5 2 2
                    89   2 3 0 1
                    90   3 1 8 1
                    91   3 1 5 2
                    92   4 4 1 1
                    93   3 6 8 2
                    94   2 5 0 1
                    95   3 8 1 1
                    96   4 8 3 1
                    97   4 8 4 2
                    98   2 7 6 2
                    99   1 4 6 2
                    100   2 3 1 1;
param nombreMachine := 5;
param capaciteRessource : 1 2 3 4 :=
                    1     8 13 14 6
                    2     6 11 17 5
                    3     6 12 17 4
                    4     7 13 14 8
                    5     6 11 14 6
end;

