data;
param nombreTypeRessource := 4;
param nombreJob := 100;
param job duree := 1 2 2 5 3 2 4 6 5 2 6 9 7 2 8 2 9 7 10 1 11 5 12 5 13 7 14 1 15 4 16 1 17 5 18 8 19 10 20 10 21 2 22 8 23 5 24 3 25 9 26 8 27 10 28 4 29 3 30 2 31 8 32 4 33 1 34 1 35 7 36 10 37 9 38 6 39 10 40 4 41 3 42 4 43 3 44 6 45 6 46 10 47 9 48 6 49 3 50 2 51 10 52 7 53 5 54 6 55 2 56 5 57 2 58 7 59 4 60 3 61 8 62 5 63 2 64 8 65 8 66 10 67 1 68 7 69 9 70 7 71 7 72 10 73 8 74 2 75 3 76 5 77 2 78 6 79 9 80 5 81 7 82 3 83 2 84 6 85 8 86 9 87 8 88 4 89 7 90 10 91 9 92 2 93 4 94 1 95 2 96 6 97 6 98 10 99 6 100 10;
param besoinRessource : 1 2 3 4 :=
                    1   1 7 2 2
                    2   4 7 0 1
                    3   1 2 1 1
                    4   3 6 9 2
                    5   4 1 6 2
                    6   4 1 3 1
                    7   1 5 9 2
                    8   2 1 3 2
                    9   3 4 1 2
                    10   1 4 9 1
                    11   1 4 6 1
                    12   4 2 9 1
                    13   3 3 8 2
                    14   1 8 6 2
                    15   4 1 0 1
                    16   3 2 6 1
                    17   4 1 0 1
                    18   3 6 4 2
                    19   3 3 8 2
                    20   2 8 7 1
                    21   1 1 0 2
                    22   4 5 2 1
                    23   2 3 4 1
                    24   2 7 1 1
                    25   3 8 3 2
                    26   4 2 10 2
                    27   2 2 3 2
                    28   2 7 10 1
                    29   4 4 8 2
                    30   4 1 7 1
                    31   1 4 10 2
                    32   2 7 4 2
                    33   2 4 6 2
                    34   4 4 5 1
                    35   4 4 10 1
                    36   3 2 0 1
                    37   1 8 0 2
                    38   2 7 9 1
                    39   3 3 6 2
                    40   2 7 6 1
                    41   4 3 1 2
                    42   4 2 9 1
                    43   3 4 0 2
                    44   3 6 3 2
                    45   4 6 4 2
                    46   2 8 6 1
                    47   4 5 1 1
                    48   2 1 5 2
                    49   3 2 3 1
                    50   2 2 6 2
                    51   1 8 5 2
                    52   1 8 2 1
                    53   4 3 7 1
                    54   1 7 5 1
                    55   1 7 2 2
                    56   1 7 10 2
                    57   1 1 7 1
                    58   1 5 9 2
                    59   1 7 6 2
                    60   4 8 6 2
                    61   3 7 4 2
                    62   3 1 10 1
                    63   3 2 4 1
                    64   2 7 4 2
                    65   4 2 7 1
                    66   4 1 1 2
                    67   4 8 5 1
                    68   4 3 6 2
                    69   3 8 4 2
                    70   3 6 2 1
                    71   1 7 8 2
                    72   2 4 9 1
                    73   1 6 0 1
                    74   3 7 3 2
                    75   4 5 3 2
                    76   2 2 7 1
                    77   4 8 6 2
                    78   4 6 9 1
                    79   4 4 7 1
                    80   4 5 7 2
                    81   2 5 1 1
                    82   4 4 9 2
                    83   3 6 2 1
                    84   2 4 7 1
                    85   2 7 7 1
                    86   2 7 3 1
                    87   3 6 3 2
                    88   2 6 5 2
                    89   2 5 0 1
                    90   1 4 8 2
                    91   4 2 5 1
                    92   3 2 4 1
                    93   2 3 10 2
                    94   3 6 8 2
                    95   3 3 6 1
                    96   1 5 4 1
                    97   4 5 5 1
                    98   3 5 8 2
                    99   2 2 3 1
                    100   2 6 0 2;
param nombreMachine := 5;
param capaciteRessource : 1 2 3 4 :=
                    1     6 10 19 7
                    2     8 10 20 8
                    3     7 16 19 5
                    4     8 10 20 5
                    5     8 14 16 4
end;

