data;
param nombreTypeRessource := 4;
param nombreJob := 100;
param job duree := 1 1 2 2 3 2 4 9 5 10 6 2 7 4 8 6 9 10 10 3 11 10 12 2 13 6 14 1 15 6 16 9 17 8 18 6 19 8 20 5 21 5 22 9 23 7 24 5 25 7 26 10 27 10 28 6 29 6 30 7 31 5 32 4 33 7 34 5 35 9 36 1 37 10 38 9 39 10 40 8 41 10 42 3 43 2 44 3 45 6 46 8 47 3 48 3 49 9 50 10 51 8 52 4 53 9 54 7 55 3 56 5 57 7 58 3 59 8 60 5 61 9 62 10 63 2 64 10 65 4 66 10 67 8 68 2 69 7 70 9 71 4 72 7 73 10 74 9 75 5 76 1 77 1 78 7 79 3 80 8 81 3 82 8 83 7 84 8 85 9 86 7 87 10 88 1 89 5 90 7 91 1 92 6 93 1 94 10 95 5 96 4 97 5 98 2 99 8 100 4;
param besoinRessource : 1 2 3 4 :=
                    1   1 7 3 1
                    2   1 8 6 2
                    3   3 5 9 2
                    4   1 7 10 2
                    5   4 3 9 1
                    6   3 7 5 1
                    7   2 5 6 1
                    8   4 7 0 2
                    9   4 1 7 1
                    10   1 7 9 1
                    11   1 6 1 1
                    12   2 3 9 2
                    13   2 6 9 2
                    14   3 5 2 2
                    15   3 2 7 1
                    16   1 8 7 1
                    17   4 8 5 1
                    18   3 2 5 1
                    19   2 1 7 2
                    20   1 5 7 2
                    21   1 4 2 1
                    22   2 4 1 2
                    23   3 3 2 1
                    24   3 2 0 2
                    25   3 3 3 2
                    26   2 7 4 1
                    27   1 4 7 2
                    28   3 7 10 1
                    29   2 3 9 2
                    30   3 7 8 1
                    31   1 2 2 2
                    32   4 6 8 2
                    33   4 5 7 2
                    34   3 3 10 1
                    35   3 3 2 1
                    36   3 3 7 1
                    37   2 2 6 2
                    38   1 5 8 2
                    39   2 8 10 1
                    40   3 7 6 2
                    41   2 4 8 2
                    42   2 8 5 2
                    43   3 4 8 1
                    44   1 2 7 2
                    45   4 4 7 1
                    46   3 3 0 1
                    47   4 3 8 2
                    48   1 1 5 2
                    49   3 5 3 1
                    50   4 6 8 1
                    51   3 1 10 2
                    52   1 8 1 2
                    53   3 3 7 2
                    54   1 2 3 1
                    55   3 7 3 1
                    56   4 7 2 2
                    57   1 6 3 1
                    58   4 1 9 2
                    59   1 1 8 2
                    60   3 6 10 2
                    61   2 2 8 1
                    62   3 2 2 2
                    63   4 7 3 2
                    64   1 3 2 1
                    65   4 5 6 2
                    66   1 7 10 2
                    67   1 4 1 1
                    68   3 2 5 2
                    69   2 8 5 2
                    70   3 4 7 2
                    71   4 3 1 2
                    72   4 2 5 2
                    73   3 6 10 1
                    74   2 1 10 1
                    75   2 7 6 2
                    76   4 8 5 1
                    77   3 7 2 1
                    78   2 6 8 1
                    79   3 5 9 1
                    80   3 2 10 2
                    81   1 7 5 1
                    82   2 5 8 1
                    83   3 2 10 2
                    84   4 7 2 1
                    85   2 5 9 2
                    86   2 1 2 1
                    87   2 7 1 1
                    88   2 6 2 1
                    89   2 2 2 2
                    90   2 8 0 1
                    91   1 8 10 1
                    92   3 4 5 1
                    93   3 5 4 2
                    94   1 5 8 2
                    95   3 7 8 1
                    96   2 6 2 2
                    97   4 7 4 1
                    98   4 1 7 1
                    99   3 6 3 2
                    100   4 4 6 1;
param nombreMachine := 5;
param capaciteRessource : 1 2 3 4 :=
                    1     6 12 18 8
                    2     6 11 13 4
                    3     6 12 16 4
                    4     8 11 19 7
                    5     6 14 20 7
end;

