data;
param nombreTypeRessource := 4;
param nombreJob := 100;
param job duree := 1 5 2 8 3 7 4 5 5 1 6 10 7 1 8 10 9 7 10 1 11 4 12 4 13 3 14 4 15 3 16 6 17 9 18 2 19 8 20 5 21 3 22 2 23 10 24 1 25 7 26 4 27 1 28 10 29 10 30 10 31 1 32 5 33 7 34 6 35 10 36 10 37 4 38 5 39 6 40 2 41 7 42 3 43 7 44 4 45 4 46 5 47 3 48 5 49 7 50 3 51 4 52 5 53 2 54 7 55 10 56 6 57 9 58 7 59 4 60 9 61 9 62 10 63 1 64 6 65 2 66 5 67 1 68 10 69 4 70 6 71 6 72 9 73 3 74 2 75 1 76 6 77 1 78 10 79 1 80 2 81 2 82 7 83 9 84 1 85 6 86 9 87 10 88 3 89 5 90 3 91 8 92 7 93 7 94 6 95 6 96 7 97 10 98 5 99 9 100 10;
param besoinRessource : 1 2 3 4 :=
                    1   3 1 8 2
                    2   1 3 3 1
                    3   2 7 0 2
                    4   3 1 5 2
                    5   3 8 10 2
                    6   2 8 6 2
                    7   3 1 10 2
                    8   3 3 9 1
                    9   1 5 9 1
                    10   4 1 9 2
                    11   4 3 10 1
                    12   2 6 9 2
                    13   4 6 7 2
                    14   2 8 2 2
                    15   4 1 8 1
                    16   2 2 2 2
                    17   2 3 4 1
                    18   1 8 4 1
                    19   1 7 7 1
                    20   3 8 9 2
                    21   4 8 5 2
                    22   3 6 4 1
                    23   1 6 3 1
                    24   4 1 7 1
                    25   3 5 4 1
                    26   1 5 5 2
                    27   1 5 7 2
                    28   3 1 3 1
                    29   1 5 8 1
                    30   2 4 5 2
                    31   3 2 7 2
                    32   3 7 0 2
                    33   1 3 1 2
                    34   2 3 1 2
                    35   4 1 2 2
                    36   3 7 3 1
                    37   1 4 3 1
                    38   1 4 1 1
                    39   4 6 5 1
                    40   4 3 9 2
                    41   2 1 8 2
                    42   2 2 5 1
                    43   3 1 4 1
                    44   3 6 5 1
                    45   1 3 6 1
                    46   4 6 4 1
                    47   2 2 0 2
                    48   3 3 6 1
                    49   3 7 1 1
                    50   3 8 8 2
                    51   1 2 6 2
                    52   3 7 2 1
                    53   2 7 0 1
                    54   4 4 3 2
                    55   4 6 5 2
                    56   2 1 1 1
                    57   4 2 1 2
                    58   1 2 8 2
                    59   4 1 7 2
                    60   4 5 8 2
                    61   4 5 10 2
                    62   3 2 9 2
                    63   2 3 8 1
                    64   2 1 6 1
                    65   3 6 4 1
                    66   4 8 8 1
                    67   1 6 6 2
                    68   2 3 9 1
                    69   2 1 1 2
                    70   4 4 9 2
                    71   1 1 6 2
                    72   3 6 8 1
                    73   3 7 8 2
                    74   4 7 2 2
                    75   4 6 10 1
                    76   3 1 4 1
                    77   4 2 6 1
                    78   1 7 6 2
                    79   4 2 10 1
                    80   3 4 6 2
                    81   4 4 4 1
                    82   4 6 8 1
                    83   1 1 3 2
                    84   4 3 5 2
                    85   2 7 6 2
                    86   1 6 6 2
                    87   4 8 9 1
                    88   1 7 9 2
                    89   1 2 8 1
                    90   2 3 8 1
                    91   4 5 7 2
                    92   3 3 1 2
                    93   4 7 4 1
                    94   1 2 8 1
                    95   3 8 0 1
                    96   1 5 9 1
                    97   2 8 1 2
                    98   2 2 9 1
                    99   4 8 0 1
                    100   2 5 10 1;
param nombreMachine := 5;
param capaciteRessource : 1 2 3 4 :=
                    1     7 11 16 4
                    2     6 10 19 7
                    3     8 15 13 7
                    4     8 15 16 6
                    5     8 16 18 8
end;

