data;
param nombreTypeRessource := 4;
param nombreJob := 100;
param job duree := 1 1 2 7 3 10 4 5 5 8 6 7 7 8 8 3 9 6 10 3 11 10 12 4 13 1 14 9 15 3 16 1 17 6 18 7 19 5 20 3 21 2 22 3 23 6 24 10 25 6 26 9 27 6 28 2 29 9 30 6 31 3 32 7 33 2 34 3 35 10 36 6 37 8 38 4 39 6 40 9 41 3 42 2 43 7 44 8 45 5 46 4 47 1 48 9 49 5 50 1 51 2 52 4 53 5 54 8 55 10 56 1 57 1 58 5 59 4 60 7 61 5 62 8 63 8 64 2 65 5 66 6 67 5 68 6 69 4 70 8 71 8 72 7 73 2 74 8 75 10 76 9 77 4 78 4 79 2 80 10 81 8 82 8 83 1 84 6 85 3 86 1 87 10 88 1 89 3 90 8 91 4 92 7 93 2 94 1 95 7 96 10 97 4 98 7 99 7 100 6;
param besoinRessource : 1 2 3 4 :=
                    1   3 8 5 1
                    2   4 7 2 2
                    3   2 3 9 2
                    4   3 6 2 1
                    5   2 7 0 2
                    6   1 2 6 2
                    7   4 2 0 2
                    8   3 1 2 2
                    9   3 8 4 1
                    10   2 2 10 2
                    11   1 6 4 1
                    12   1 3 0 2
                    13   1 6 8 1
                    14   4 8 3 2
                    15   1 1 1 1
                    16   1 3 2 1
                    17   4 3 9 1
                    18   2 7 4 1
                    19   4 1 4 1
                    20   4 4 6 1
                    21   2 4 0 1
                    22   2 4 0 2
                    23   4 3 3 1
                    24   3 1 8 2
                    25   1 7 0 2
                    26   4 1 7 2
                    27   1 5 2 2
                    28   1 7 10 2
                    29   4 8 2 2
                    30   1 5 5 2
                    31   3 1 8 2
                    32   3 5 7 1
                    33   3 3 5 1
                    34   1 3 7 1
                    35   2 1 1 2
                    36   1 2 0 2
                    37   1 6 3 1
                    38   4 5 3 2
                    39   2 5 4 1
                    40   4 4 3 2
                    41   3 6 2 1
                    42   2 7 3 1
                    43   4 1 8 2
                    44   2 5 3 1
                    45   3 5 4 1
                    46   4 1 10 2
                    47   2 4 10 1
                    48   3 7 3 2
                    49   3 6 2 2
                    50   3 6 0 1
                    51   3 6 10 1
                    52   4 7 8 1
                    53   1 2 0 1
                    54   4 3 3 2
                    55   1 5 4 1
                    56   1 5 7 1
                    57   4 5 1 2
                    58   4 2 9 1
                    59   1 4 9 2
                    60   4 1 8 2
                    61   3 2 6 2
                    62   4 6 10 1
                    63   1 8 6 2
                    64   3 2 4 1
                    65   1 7 10 2
                    66   3 7 1 2
                    67   2 2 0 1
                    68   3 6 5 1
                    69   4 6 9 1
                    70   4 7 7 2
                    71   3 7 8 1
                    72   3 6 5 2
                    73   1 5 2 2
                    74   3 1 6 1
                    75   3 2 8 2
                    76   2 1 3 2
                    77   3 2 2 2
                    78   1 5 5 1
                    79   3 7 10 1
                    80   4 2 10 1
                    81   1 3 9 1
                    82   1 7 7 1
                    83   4 1 0 1
                    84   4 1 4 2
                    85   2 2 3 2
                    86   4 8 7 2
                    87   3 4 2 2
                    88   4 2 9 2
                    89   2 7 1 1
                    90   2 8 3 2
                    91   2 4 6 1
                    92   1 3 2 2
                    93   3 2 4 1
                    94   1 4 2 1
                    95   2 3 4 1
                    96   2 3 8 1
                    97   3 1 9 2
                    98   4 3 7 2
                    99   3 8 0 2
                    100   1 8 4 1;
param nombreMachine := 5;
param capaciteRessource : 1 2 3 4 :=
                    1     8 10 12 6
                    2     7 16 18 7
                    3     6 14 19 8
                    4     8 15 20 4
                    5     7 10 20 6
end;

