data;
param nombreTypeRessource := 4;
param nombreJob := 100;
param job duree := 1 3 2 6 3 3 4 9 5 10 6 6 7 6 8 10 9 10 10 2 11 1 12 2 13 2 14 7 15 1 16 1 17 3 18 5 19 2 20 10 21 8 22 9 23 3 24 7 25 10 26 9 27 5 28 7 29 6 30 8 31 10 32 9 33 2 34 3 35 7 36 7 37 4 38 7 39 10 40 5 41 7 42 1 43 10 44 3 45 2 46 3 47 1 48 10 49 6 50 7 51 7 52 10 53 5 54 4 55 5 56 10 57 1 58 8 59 7 60 7 61 5 62 1 63 6 64 8 65 8 66 8 67 10 68 3 69 7 70 9 71 8 72 8 73 7 74 5 75 10 76 4 77 8 78 6 79 7 80 9 81 7 82 2 83 3 84 5 85 8 86 9 87 10 88 7 89 7 90 6 91 1 92 5 93 9 94 1 95 1 96 5 97 2 98 9 99 10 100 2;
param besoinRessource : 1 2 3 4 :=
                    1   1 4 0 2
                    2   1 8 3 1
                    3   3 4 3 1
                    4   4 8 2 2
                    5   4 5 1 1
                    6   3 6 4 1
                    7   4 8 9 2
                    8   1 8 5 2
                    9   2 8 8 1
                    10   4 2 7 1
                    11   1 8 10 1
                    12   4 8 0 1
                    13   1 1 2 2
                    14   4 3 6 2
                    15   1 8 5 2
                    16   4 6 6 2
                    17   1 2 10 1
                    18   3 2 1 1
                    19   1 1 3 2
                    20   1 6 3 1
                    21   3 5 0 2
                    22   2 7 9 1
                    23   4 1 1 2
                    24   1 2 4 2
                    25   2 4 9 2
                    26   1 6 6 2
                    27   4 4 7 1
                    28   1 2 9 2
                    29   1 5 10 2
                    30   3 4 10 1
                    31   1 8 10 2
                    32   2 8 1 1
                    33   1 4 10 1
                    34   3 7 6 2
                    35   2 3 0 2
                    36   1 5 6 2
                    37   3 3 2 2
                    38   4 3 8 2
                    39   1 7 6 2
                    40   3 8 7 1
                    41   3 3 5 1
                    42   3 7 8 1
                    43   3 3 2 2
                    44   1 8 7 2
                    45   2 7 10 2
                    46   3 2 5 1
                    47   4 3 9 1
                    48   3 3 0 1
                    49   3 2 1 1
                    50   1 2 1 1
                    51   1 4 1 2
                    52   2 2 9 1
                    53   2 8 5 1
                    54   2 7 5 1
                    55   3 2 3 2
                    56   3 3 3 2
                    57   4 6 6 1
                    58   4 8 5 2
                    59   3 5 6 2
                    60   1 4 8 2
                    61   2 6 4 1
                    62   4 5 8 1
                    63   3 6 4 2
                    64   2 7 3 1
                    65   1 2 1 1
                    66   1 7 2 2
                    67   4 3 9 2
                    68   1 1 7 2
                    69   3 6 1 1
                    70   3 4 1 2
                    71   2 3 1 1
                    72   1 5 1 1
                    73   3 5 10 2
                    74   4 5 5 2
                    75   2 4 6 1
                    76   2 6 4 2
                    77   2 6 10 2
                    78   1 7 4 2
                    79   2 5 10 1
                    80   3 3 8 1
                    81   2 7 10 2
                    82   4 3 4 2
                    83   1 1 2 2
                    84   4 3 3 2
                    85   3 6 4 1
                    86   2 3 4 1
                    87   1 2 2 2
                    88   4 1 3 2
                    89   1 1 7 2
                    90   4 8 4 2
                    91   2 3 4 2
                    92   1 4 2 2
                    93   3 2 1 2
                    94   3 7 2 1
                    95   1 3 8 1
                    96   4 1 1 2
                    97   2 2 2 1
                    98   3 2 1 1
                    99   3 8 8 2
                    100   2 2 3 2;
param nombreMachine := 5;
param capaciteRessource : 1 2 3 4 :=
                    1     6 15 15 4
                    2     6 16 20 6
                    3     8 10 20 6
                    4     6 13 13 4
                    5     8 15 12 6
end;

