data;
param nombreTypeRessource := 4;
param nombreJob := 100;
param job duree := 1 9 2 3 3 2 4 9 5 3 6 5 7 2 8 7 9 8 10 4 11 6 12 1 13 1 14 2 15 2 16 8 17 2 18 9 19 8 20 9 21 3 22 1 23 9 24 1 25 5 26 10 27 7 28 1 29 8 30 7 31 1 32 1 33 9 34 9 35 5 36 10 37 9 38 6 39 3 40 5 41 9 42 8 43 1 44 2 45 2 46 2 47 7 48 1 49 8 50 1 51 9 52 1 53 2 54 3 55 10 56 10 57 9 58 2 59 5 60 10 61 5 62 1 63 9 64 3 65 1 66 1 67 6 68 7 69 6 70 10 71 3 72 6 73 9 74 1 75 3 76 1 77 4 78 8 79 4 80 3 81 7 82 10 83 10 84 7 85 9 86 2 87 4 88 4 89 2 90 8 91 6 92 9 93 5 94 2 95 9 96 5 97 7 98 6 99 6 100 9;
param besoinRessource : 1 2 3 4 :=
                    1   2 5 3 1
                    2   1 4 5 2
                    3   2 8 7 2
                    4   3 2 3 2
                    5   3 3 3 1
                    6   4 3 2 2
                    7   2 6 0 1
                    8   1 6 9 2
                    9   3 3 2 2
                    10   3 8 7 2
                    11   2 6 8 2
                    12   3 4 6 2
                    13   4 6 6 2
                    14   4 7 5 1
                    15   3 8 2 1
                    16   2 2 10 1
                    17   3 2 4 1
                    18   1 5 2 2
                    19   4 1 4 1
                    20   4 7 1 2
                    21   3 4 2 1
                    22   2 2 5 2
                    23   4 2 2 2
                    24   3 4 3 2
                    25   2 1 7 2
                    26   3 2 10 1
                    27   4 4 3 1
                    28   4 6 3 2
                    29   3 1 1 1
                    30   1 3 3 2
                    31   4 7 1 2
                    32   2 1 7 2
                    33   1 2 10 2
                    34   4 7 3 1
                    35   3 2 9 1
                    36   3 3 8 1
                    37   2 2 10 1
                    38   1 6 6 1
                    39   1 4 6 2
                    40   1 1 8 2
                    41   3 7 6 2
                    42   4 2 3 1
                    43   3 6 8 1
                    44   1 2 8 1
                    45   3 7 1 2
                    46   1 3 6 2
                    47   3 4 5 2
                    48   1 8 5 1
                    49   1 2 10 1
                    50   1 4 3 2
                    51   3 4 10 1
                    52   4 1 4 1
                    53   1 8 8 1
                    54   3 3 4 2
                    55   4 5 6 2
                    56   1 7 4 2
                    57   3 5 0 1
                    58   4 3 9 2
                    59   1 2 1 2
                    60   4 7 10 2
                    61   4 8 6 2
                    62   2 6 5 1
                    63   3 1 7 2
                    64   4 5 3 1
                    65   2 1 0 1
                    66   2 8 4 2
                    67   4 4 6 1
                    68   3 2 0 2
                    69   1 3 6 2
                    70   1 8 0 2
                    71   2 2 2 2
                    72   2 8 8 2
                    73   3 1 0 2
                    74   4 8 10 1
                    75   2 8 4 2
                    76   3 8 5 1
                    77   4 3 8 2
                    78   2 8 8 2
                    79   3 7 4 1
                    80   1 4 4 2
                    81   1 7 7 2
                    82   4 7 8 1
                    83   1 1 9 1
                    84   2 3 10 2
                    85   3 4 2 2
                    86   2 6 2 2
                    87   1 8 1 2
                    88   4 5 0 1
                    89   1 1 4 2
                    90   2 4 1 2
                    91   4 4 7 1
                    92   3 1 1 1
                    93   2 1 3 2
                    94   1 8 9 1
                    95   1 2 6 2
                    96   1 2 2 1
                    97   4 2 1 2
                    98   1 8 9 1
                    99   4 6 10 2
                    100   4 8 4 2;
param nombreMachine := 5;
param capaciteRessource : 1 2 3 4 :=
                    1     8 11 18 4
                    2     7 15 16 7
                    3     8 12 14 6
                    4     6 13 14 7
                    5     6 15 15 5
end;

