data;
param nombreTypeRessource := 4;
param nombreJob := 100;
param job duree := 1 4 2 1 3 8 4 5 5 10 6 3 7 7 8 9 9 2 10 1 11 7 12 4 13 6 14 6 15 5 16 1 17 10 18 10 19 4 20 2 21 4 22 5 23 1 24 1 25 8 26 3 27 4 28 3 29 8 30 1 31 7 32 1 33 1 34 7 35 10 36 2 37 4 38 7 39 6 40 4 41 5 42 10 43 9 44 9 45 6 46 7 47 3 48 8 49 9 50 8 51 3 52 10 53 9 54 1 55 10 56 5 57 5 58 5 59 7 60 9 61 9 62 5 63 3 64 9 65 6 66 3 67 1 68 5 69 1 70 3 71 5 72 4 73 9 74 9 75 8 76 6 77 2 78 8 79 1 80 2 81 6 82 7 83 2 84 2 85 2 86 6 87 8 88 10 89 5 90 9 91 10 92 9 93 5 94 8 95 8 96 3 97 9 98 6 99 4 100 9;
param besoinRessource : 1 2 3 4 :=
                    1   4 2 10 2
                    2   1 7 5 2
                    3   3 7 10 2
                    4   1 3 8 2
                    5   4 6 3 1
                    6   4 4 6 2
                    7   4 3 9 2
                    8   4 2 2 2
                    9   4 1 6 1
                    10   2 6 5 2
                    11   1 6 10 2
                    12   4 2 2 2
                    13   2 2 9 2
                    14   4 2 4 1
                    15   2 1 8 1
                    16   4 7 0 2
                    17   2 8 8 2
                    18   1 3 10 2
                    19   4 6 7 1
                    20   2 3 6 1
                    21   1 7 6 1
                    22   4 2 6 2
                    23   4 7 8 1
                    24   2 8 2 1
                    25   4 5 6 2
                    26   3 1 6 1
                    27   3 6 4 1
                    28   4 2 8 1
                    29   1 5 8 2
                    30   1 6 8 1
                    31   1 7 2 2
                    32   2 4 5 1
                    33   4 3 10 2
                    34   4 1 10 1
                    35   4 2 9 1
                    36   3 4 4 2
                    37   2 5 0 2
                    38   1 3 5 2
                    39   1 8 8 2
                    40   1 8 0 1
                    41   4 8 6 1
                    42   1 2 8 2
                    43   1 4 3 2
                    44   1 1 5 2
                    45   2 7 0 1
                    46   4 5 4 1
                    47   3 6 0 2
                    48   2 7 9 1
                    49   1 7 1 2
                    50   1 1 4 1
                    51   3 4 1 1
                    52   2 7 10 1
                    53   1 4 3 1
                    54   3 6 2 1
                    55   1 4 7 1
                    56   1 2 7 1
                    57   2 7 6 1
                    58   2 1 10 1
                    59   4 4 2 2
                    60   3 2 6 1
                    61   2 4 3 1
                    62   1 5 4 2
                    63   3 1 10 2
                    64   2 3 7 1
                    65   1 5 3 2
                    66   1 5 5 1
                    67   4 8 6 2
                    68   1 2 3 1
                    69   3 5 1 2
                    70   3 6 0 1
                    71   4 3 5 2
                    72   2 5 10 2
                    73   4 8 4 1
                    74   2 2 4 2
                    75   2 8 1 1
                    76   4 5 8 1
                    77   3 7 0 1
                    78   4 2 6 2
                    79   4 1 2 2
                    80   2 7 2 1
                    81   3 3 1 1
                    82   1 8 8 2
                    83   4 7 4 1
                    84   4 5 4 2
                    85   2 1 5 2
                    86   3 3 0 2
                    87   3 2 1 1
                    88   1 2 8 1
                    89   4 3 7 2
                    90   3 7 4 1
                    91   4 2 7 1
                    92   4 2 10 1
                    93   3 2 8 1
                    94   3 7 9 2
                    95   4 4 1 2
                    96   2 5 1 2
                    97   2 7 6 1
                    98   3 6 8 1
                    99   3 4 5 1
                    100   3 3 8 1;
param nombreMachine := 5;
param capaciteRessource : 1 2 3 4 :=
                    1     7 15 20 4
                    2     8 14 14 4
                    3     7 14 17 8
                    4     6 11 16 6
                    5     8 13 17 8
end;

