data;
param nombreTypeRessource := 4;
param nombreJob := 100;
param job duree := 1 9 2 8 3 2 4 1 5 5 6 8 7 8 8 2 9 8 10 3 11 2 12 7 13 8 14 2 15 4 16 2 17 1 18 3 19 6 20 7 21 4 22 3 23 2 24 9 25 5 26 6 27 4 28 1 29 1 30 9 31 5 32 1 33 7 34 3 35 8 36 2 37 10 38 4 39 5 40 2 41 1 42 1 43 2 44 1 45 2 46 5 47 4 48 9 49 2 50 5 51 8 52 4 53 4 54 1 55 7 56 8 57 3 58 8 59 6 60 2 61 2 62 8 63 9 64 3 65 6 66 9 67 7 68 10 69 6 70 2 71 8 72 1 73 4 74 2 75 5 76 3 77 2 78 9 79 8 80 1 81 3 82 4 83 5 84 9 85 8 86 4 87 3 88 7 89 8 90 9 91 6 92 9 93 8 94 9 95 9 96 2 97 4 98 8 99 6 100 7;
param besoinRessource : 1 2 3 4 :=
                    1   4 6 4 2
                    2   3 1 9 1
                    3   1 1 8 1
                    4   3 1 4 2
                    5   4 5 4 2
                    6   4 1 1 2
                    7   3 4 9 1
                    8   1 3 8 1
                    9   4 3 1 2
                    10   2 2 7 1
                    11   1 8 4 2
                    12   2 8 7 1
                    13   1 2 0 1
                    14   1 5 7 2
                    15   3 5 9 2
                    16   1 4 4 1
                    17   1 6 2 1
                    18   4 3 0 1
                    19   4 3 6 2
                    20   4 2 9 1
                    21   4 1 8 1
                    22   2 7 5 2
                    23   1 3 0 1
                    24   4 6 2 1
                    25   1 1 5 1
                    26   3 7 4 2
                    27   3 6 4 2
                    28   2 3 7 2
                    29   2 2 3 1
                    30   1 4 8 2
                    31   3 5 10 1
                    32   2 8 6 2
                    33   2 2 9 2
                    34   4 8 8 2
                    35   3 6 0 1
                    36   2 6 9 1
                    37   4 1 4 1
                    38   2 3 3 2
                    39   3 1 10 2
                    40   4 4 7 2
                    41   3 6 5 2
                    42   4 6 4 2
                    43   1 4 7 2
                    44   4 1 2 2
                    45   3 1 1 1
                    46   1 1 0 2
                    47   1 2 8 1
                    48   2 5 0 2
                    49   3 4 4 1
                    50   4 1 6 2
                    51   4 5 2 1
                    52   4 8 1 2
                    53   3 5 9 1
                    54   2 2 7 1
                    55   3 8 5 2
                    56   1 1 8 2
                    57   2 5 7 1
                    58   1 8 8 1
                    59   1 2 2 1
                    60   3 4 5 2
                    61   1 5 6 1
                    62   4 8 3 2
                    63   2 2 9 1
                    64   2 2 5 1
                    65   4 3 8 2
                    66   3 5 2 1
                    67   1 7 10 2
                    68   2 6 9 1
                    69   4 6 4 1
                    70   2 2 9 1
                    71   3 7 7 2
                    72   3 1 3 2
                    73   1 3 5 2
                    74   2 2 6 2
                    75   4 2 4 1
                    76   4 4 1 2
                    77   4 7 8 1
                    78   4 8 5 2
                    79   4 4 1 1
                    80   2 3 3 2
                    81   1 5 8 2
                    82   3 3 4 1
                    83   3 3 2 2
                    84   1 3 0 1
                    85   1 4 5 1
                    86   1 5 7 2
                    87   1 6 0 1
                    88   4 5 0 1
                    89   3 6 0 1
                    90   4 5 6 2
                    91   3 4 4 2
                    92   3 8 8 2
                    93   2 8 9 2
                    94   2 8 10 1
                    95   3 1 1 1
                    96   3 1 1 1
                    97   3 5 10 2
                    98   1 8 6 1
                    99   4 1 6 2
                    100   4 1 7 1;
param nombreMachine := 5;
param capaciteRessource : 1 2 3 4 :=
                    1     8 12 14 7
                    2     8 10 15 4
                    3     6 11 19 5
                    4     7 13 16 7
                    5     8 14 16 4
end;

