data;
param nombreTypeRessource := 4;
param nombreJob := 100;
param job duree := 1 2 2 4 3 4 4 3 5 1 6 9 7 10 8 3 9 7 10 3 11 3 12 9 13 3 14 5 15 8 16 9 17 7 18 4 19 3 20 7 21 8 22 2 23 4 24 4 25 7 26 2 27 1 28 10 29 9 30 8 31 3 32 7 33 6 34 3 35 8 36 6 37 3 38 7 39 1 40 7 41 2 42 7 43 5 44 7 45 3 46 9 47 3 48 8 49 4 50 7 51 6 52 6 53 10 54 4 55 2 56 2 57 3 58 4 59 9 60 1 61 10 62 2 63 3 64 9 65 7 66 6 67 7 68 4 69 10 70 1 71 6 72 6 73 9 74 3 75 9 76 9 77 3 78 5 79 3 80 1 81 2 82 1 83 8 84 10 85 5 86 5 87 6 88 7 89 3 90 5 91 4 92 9 93 4 94 10 95 2 96 2 97 7 98 10 99 2 100 3;
param besoinRessource : 1 2 3 4 :=
                    1   1 7 0 2
                    2   1 4 9 1
                    3   1 6 8 1
                    4   2 4 7 1
                    5   4 2 10 1
                    6   3 2 10 1
                    7   2 6 5 2
                    8   3 3 5 2
                    9   4 2 10 1
                    10   3 1 7 2
                    11   4 3 1 1
                    12   3 3 10 1
                    13   3 4 4 2
                    14   1 8 10 2
                    15   4 3 9 2
                    16   1 5 3 2
                    17   1 2 9 2
                    18   4 4 3 2
                    19   3 2 5 2
                    20   3 8 10 1
                    21   2 6 9 2
                    22   4 8 3 1
                    23   2 2 7 1
                    24   3 4 10 2
                    25   3 5 7 2
                    26   2 5 2 1
                    27   3 4 4 1
                    28   1 6 8 2
                    29   2 4 3 1
                    30   1 8 9 2
                    31   2 5 5 2
                    32   1 1 10 1
                    33   1 7 2 1
                    34   3 3 4 2
                    35   3 4 2 2
                    36   2 8 1 1
                    37   3 6 0 2
                    38   3 2 5 1
                    39   4 5 2 2
                    40   2 7 9 2
                    41   4 4 6 1
                    42   1 6 4 2
                    43   4 2 4 1
                    44   1 3 3 1
                    45   1 7 6 1
                    46   4 5 3 1
                    47   4 6 2 2
                    48   1 6 2 2
                    49   4 6 8 1
                    50   1 6 4 2
                    51   2 8 6 1
                    52   2 2 8 1
                    53   3 4 9 2
                    54   2 5 3 1
                    55   4 4 10 1
                    56   3 7 0 1
                    57   2 7 6 1
                    58   2 6 5 1
                    59   2 8 9 1
                    60   2 5 0 2
                    61   2 7 0 1
                    62   2 4 1 2
                    63   2 6 7 1
                    64   1 5 6 1
                    65   4 7 5 1
                    66   4 8 4 1
                    67   3 6 2 1
                    68   2 2 3 2
                    69   4 7 4 2
                    70   3 6 2 1
                    71   2 6 7 1
                    72   2 4 8 2
                    73   3 4 4 2
                    74   3 7 4 1
                    75   4 6 2 2
                    76   4 3 1 1
                    77   2 4 6 1
                    78   2 6 5 1
                    79   3 8 9 2
                    80   4 1 4 1
                    81   2 2 4 1
                    82   2 1 5 2
                    83   3 2 0 2
                    84   2 5 3 2
                    85   4 6 5 1
                    86   1 4 0 1
                    87   4 7 4 2
                    88   4 1 6 1
                    89   1 7 2 2
                    90   3 5 1 2
                    91   4 5 6 2
                    92   3 8 1 1
                    93   4 8 9 1
                    94   1 6 6 2
                    95   3 5 3 2
                    96   4 1 0 2
                    97   2 4 1 1
                    98   4 1 1 2
                    99   3 5 4 2
                    100   2 4 7 2;
param nombreMachine := 5;
param capaciteRessource : 1 2 3 4 :=
                    1     8 14 12 4
                    2     8 10 17 4
                    3     7 16 20 6
                    4     7 13 17 5
                    5     7 11 15 7
end;

