data;
param nombreTypeRessource := 4;
param nombreJob := 100;
param job duree := 1 8 2 5 3 5 4 8 5 5 6 4 7 7 8 8 9 9 10 3 11 4 12 5 13 7 14 7 15 1 16 7 17 4 18 10 19 6 20 2 21 4 22 2 23 10 24 8 25 8 26 7 27 9 28 7 29 10 30 8 31 5 32 6 33 9 34 4 35 8 36 3 37 1 38 9 39 2 40 3 41 9 42 1 43 9 44 9 45 10 46 6 47 6 48 5 49 6 50 3 51 7 52 6 53 5 54 10 55 9 56 10 57 4 58 6 59 8 60 8 61 2 62 4 63 1 64 10 65 10 66 6 67 10 68 7 69 2 70 3 71 4 72 5 73 2 74 3 75 2 76 9 77 9 78 2 79 10 80 4 81 1 82 1 83 4 84 6 85 4 86 9 87 7 88 5 89 9 90 6 91 8 92 8 93 2 94 7 95 5 96 2 97 9 98 5 99 1 100 1;
param besoinRessource : 1 2 3 4 :=
                    1   3 7 8 2
                    2   2 2 10 2
                    3   1 6 3 1
                    4   1 5 4 2
                    5   4 6 2 2
                    6   2 4 4 1
                    7   1 5 10 1
                    8   1 2 6 1
                    9   3 8 9 1
                    10   2 1 4 1
                    11   2 7 1 1
                    12   1 5 1 1
                    13   1 6 8 1
                    14   3 2 4 1
                    15   4 8 5 2
                    16   1 6 4 2
                    17   1 7 7 2
                    18   4 3 8 2
                    19   4 2 8 2
                    20   2 4 7 2
                    21   3 4 7 2
                    22   4 1 8 1
                    23   1 3 8 1
                    24   1 5 9 1
                    25   4 4 5 1
                    26   2 2 2 2
                    27   1 6 2 2
                    28   4 5 1 2
                    29   3 4 1 2
                    30   1 5 4 1
                    31   4 6 2 2
                    32   3 3 9 2
                    33   2 7 9 2
                    34   4 1 1 2
                    35   4 3 0 1
                    36   3 6 9 2
                    37   1 5 4 1
                    38   2 2 7 2
                    39   4 2 10 1
                    40   1 6 6 2
                    41   1 7 5 1
                    42   2 2 4 1
                    43   3 7 1 1
                    44   4 3 3 1
                    45   4 7 5 2
                    46   2 3 5 2
                    47   1 6 1 1
                    48   2 3 4 1
                    49   3 7 2 1
                    50   4 6 3 2
                    51   2 2 9 2
                    52   3 5 0 2
                    53   1 4 5 1
                    54   1 4 8 2
                    55   3 1 7 1
                    56   2 4 10 2
                    57   4 8 6 1
                    58   1 4 8 1
                    59   1 3 1 2
                    60   3 1 1 2
                    61   2 5 1 2
                    62   2 5 8 2
                    63   1 6 5 1
                    64   4 1 2 2
                    65   1 7 9 2
                    66   2 8 2 2
                    67   2 8 6 1
                    68   4 3 10 1
                    69   4 4 2 2
                    70   3 3 5 2
                    71   3 6 4 1
                    72   3 3 9 2
                    73   1 4 3 2
                    74   1 4 8 1
                    75   2 1 6 1
                    76   2 3 7 2
                    77   1 3 8 2
                    78   3 1 9 2
                    79   2 2 1 1
                    80   3 7 2 2
                    81   1 8 3 1
                    82   4 4 10 1
                    83   1 1 1 1
                    84   4 4 7 1
                    85   2 1 0 2
                    86   4 6 10 2
                    87   4 3 8 2
                    88   3 3 3 2
                    89   1 7 9 1
                    90   3 4 6 2
                    91   2 2 3 1
                    92   1 6 5 2
                    93   1 8 0 2
                    94   2 1 6 1
                    95   4 8 9 2
                    96   3 5 8 1
                    97   3 5 1 2
                    98   1 7 6 1
                    99   3 5 6 1
                    100   4 8 4 2;
param nombreMachine := 5;
param capaciteRessource : 1 2 3 4 :=
                    1     8 13 15 7
                    2     7 14 18 8
                    3     7 14 16 8
                    4     6 14 16 6
                    5     8 12 13 5
end;

