data;
param nombreTypeRessource := 4;
param nombreJob := 100;
param job duree := 1 3 2 3 3 1 4 4 5 9 6 4 7 9 8 4 9 4 10 9 11 9 12 2 13 3 14 5 15 8 16 1 17 2 18 9 19 1 20 9 21 2 22 5 23 8 24 1 25 6 26 7 27 2 28 9 29 8 30 1 31 6 32 7 33 2 34 5 35 3 36 3 37 5 38 1 39 4 40 3 41 4 42 9 43 3 44 10 45 3 46 1 47 2 48 6 49 9 50 8 51 10 52 3 53 5 54 7 55 10 56 1 57 6 58 10 59 5 60 8 61 6 62 8 63 5 64 3 65 3 66 9 67 9 68 5 69 6 70 4 71 6 72 5 73 5 74 3 75 8 76 3 77 7 78 8 79 7 80 3 81 9 82 10 83 1 84 3 85 5 86 1 87 8 88 9 89 8 90 9 91 9 92 6 93 6 94 8 95 7 96 10 97 9 98 9 99 6 100 8;
param besoinRessource : 1 2 3 4 :=
                    1   2 6 9 2
                    2   2 6 3 2
                    3   1 1 0 1
                    4   1 3 3 1
                    5   4 8 4 2
                    6   2 2 4 2
                    7   1 4 7 2
                    8   3 7 1 2
                    9   3 8 1 1
                    10   3 2 2 1
                    11   2 1 8 1
                    12   3 1 2 2
                    13   1 5 7 1
                    14   2 1 5 1
                    15   4 3 6 2
                    16   2 2 6 2
                    17   2 6 0 1
                    18   4 8 6 1
                    19   3 8 10 2
                    20   4 5 7 1
                    21   3 1 10 1
                    22   4 4 8 2
                    23   4 8 2 1
                    24   3 5 7 1
                    25   2 8 1 2
                    26   1 7 9 2
                    27   2 5 1 2
                    28   4 6 9 2
                    29   3 3 10 1
                    30   2 5 10 1
                    31   1 5 4 2
                    32   3 5 10 1
                    33   4 4 9 1
                    34   1 6 2 2
                    35   1 7 1 2
                    36   4 8 10 2
                    37   3 1 7 2
                    38   2 4 7 1
                    39   2 5 0 2
                    40   3 6 7 2
                    41   4 1 5 2
                    42   1 3 1 1
                    43   2 5 7 1
                    44   1 4 3 1
                    45   2 5 3 1
                    46   4 2 3 1
                    47   4 2 2 2
                    48   1 5 9 1
                    49   3 4 3 2
                    50   3 6 6 1
                    51   3 7 8 1
                    52   4 2 2 2
                    53   3 2 4 2
                    54   3 4 8 2
                    55   1 3 2 1
                    56   2 8 8 1
                    57   4 2 5 2
                    58   2 7 1 1
                    59   4 6 9 1
                    60   2 4 8 2
                    61   2 5 8 1
                    62   3 5 5 1
                    63   2 2 5 1
                    64   4 4 6 1
                    65   4 6 9 2
                    66   4 2 4 2
                    67   1 7 10 1
                    68   3 2 0 1
                    69   1 5 8 1
                    70   3 4 9 2
                    71   2 1 2 2
                    72   4 6 1 2
                    73   4 4 2 1
                    74   1 5 10 1
                    75   3 4 10 1
                    76   3 5 4 1
                    77   3 5 0 1
                    78   3 4 8 1
                    79   4 8 3 2
                    80   2 8 8 1
                    81   1 6 5 1
                    82   1 8 10 1
                    83   2 5 7 1
                    84   1 1 5 1
                    85   1 1 0 2
                    86   4 4 7 2
                    87   2 2 5 1
                    88   3 3 5 1
                    89   2 4 6 1
                    90   1 2 3 1
                    91   2 2 0 1
                    92   1 5 6 2
                    93   4 6 0 2
                    94   4 3 2 1
                    95   4 1 3 1
                    96   1 1 8 2
                    97   1 6 8 2
                    98   1 6 6 1
                    99   4 2 7 2
                    100   4 1 7 1;
param nombreMachine := 5;
param capaciteRessource : 1 2 3 4 :=
                    1     7 15 14 7
                    2     8 16 15 6
                    3     6 12 19 5
                    4     6 12 18 4
                    5     6 13 19 4
end;

