data;
param nombreTypeRessource := 4;
param nombreJob := 100;
param job duree := 1 6 2 8 3 4 4 5 5 4 6 7 7 3 8 3 9 8 10 3 11 7 12 3 13 5 14 1 15 2 16 5 17 9 18 3 19 4 20 4 21 2 22 3 23 3 24 5 25 4 26 7 27 10 28 6 29 5 30 6 31 8 32 8 33 1 34 3 35 5 36 9 37 7 38 2 39 7 40 8 41 3 42 6 43 3 44 6 45 9 46 2 47 8 48 4 49 9 50 4 51 5 52 10 53 7 54 3 55 3 56 1 57 8 58 3 59 3 60 4 61 7 62 1 63 4 64 5 65 9 66 4 67 10 68 4 69 10 70 6 71 10 72 8 73 9 74 8 75 6 76 3 77 4 78 8 79 2 80 5 81 4 82 4 83 8 84 6 85 1 86 10 87 4 88 10 89 6 90 3 91 9 92 6 93 2 94 8 95 1 96 8 97 5 98 1 99 5 100 5;
param besoinRessource : 1 2 3 4 :=
                    1   1 7 3 1
                    2   3 2 5 1
                    3   4 7 2 2
                    4   1 5 1 2
                    5   1 1 4 2
                    6   3 3 9 2
                    7   4 1 9 2
                    8   2 3 3 1
                    9   4 4 10 2
                    10   4 6 6 1
                    11   3 7 7 2
                    12   1 8 0 1
                    13   2 5 3 1
                    14   3 7 3 1
                    15   3 7 7 2
                    16   2 2 7 1
                    17   4 5 0 2
                    18   4 1 2 1
                    19   1 6 2 1
                    20   2 5 0 2
                    21   4 2 8 1
                    22   3 6 8 2
                    23   2 7 2 1
                    24   2 4 7 1
                    25   4 7 8 2
                    26   4 2 1 2
                    27   1 3 9 2
                    28   4 4 2 2
                    29   3 8 4 1
                    30   2 3 5 1
                    31   2 5 6 1
                    32   4 6 3 2
                    33   1 7 5 1
                    34   3 6 7 2
                    35   4 3 8 2
                    36   4 3 7 1
                    37   1 7 1 2
                    38   4 6 1 1
                    39   4 5 7 1
                    40   1 5 3 1
                    41   3 2 7 1
                    42   1 7 7 2
                    43   3 1 0 2
                    44   2 6 0 1
                    45   3 6 10 1
                    46   4 7 2 2
                    47   4 4 2 1
                    48   2 6 4 1
                    49   3 1 3 2
                    50   3 3 1 1
                    51   1 3 5 1
                    52   2 5 2 1
                    53   4 7 5 2
                    54   2 3 7 1
                    55   4 8 0 2
                    56   2 2 3 1
                    57   4 8 3 2
                    58   1 6 7 2
                    59   2 8 6 1
                    60   1 6 1 1
                    61   3 8 2 1
                    62   3 3 6 2
                    63   1 1 3 1
                    64   2 1 1 1
                    65   3 8 0 2
                    66   2 5 10 1
                    67   3 4 10 1
                    68   4 4 6 2
                    69   3 7 7 1
                    70   1 6 6 2
                    71   2 2 7 1
                    72   1 2 9 1
                    73   3 1 0 1
                    74   4 2 6 1
                    75   1 1 9 1
                    76   3 5 10 1
                    77   3 8 4 2
                    78   2 5 0 1
                    79   1 6 3 2
                    80   4 5 3 1
                    81   4 1 0 1
                    82   3 6 5 2
                    83   1 1 4 1
                    84   4 4 1 2
                    85   4 8 6 2
                    86   4 5 6 2
                    87   2 8 1 1
                    88   1 8 8 2
                    89   2 3 2 1
                    90   1 8 3 1
                    91   3 4 6 1
                    92   3 6 0 1
                    93   2 1 4 1
                    94   2 5 9 1
                    95   2 6 10 2
                    96   1 3 1 1
                    97   3 1 2 2
                    98   4 8 2 1
                    99   2 1 6 1
                    100   4 2 8 2;
param nombreMachine := 5;
param capaciteRessource : 1 2 3 4 :=
                    1     8 11 18 7
                    2     8 16 12 5
                    3     8 14 13 4
                    4     8 11 14 7
                    5     8 10 15 5
end;

