data;
param nombreTypeRessource := 4;
param nombreJob := 100;
param job duree := 1 2 2 8 3 8 4 1 5 9 6 1 7 4 8 2 9 7 10 2 11 1 12 3 13 8 14 10 15 9 16 10 17 1 18 7 19 7 20 1 21 4 22 6 23 1 24 1 25 10 26 2 27 9 28 2 29 6 30 3 31 7 32 10 33 2 34 6 35 5 36 1 37 5 38 2 39 2 40 10 41 8 42 6 43 2 44 1 45 8 46 2 47 4 48 9 49 6 50 3 51 1 52 7 53 1 54 8 55 9 56 4 57 7 58 8 59 3 60 2 61 9 62 4 63 3 64 3 65 9 66 6 67 5 68 5 69 6 70 2 71 10 72 7 73 1 74 6 75 3 76 1 77 3 78 6 79 4 80 4 81 5 82 4 83 9 84 3 85 9 86 4 87 8 88 5 89 1 90 5 91 3 92 3 93 1 94 6 95 2 96 4 97 6 98 9 99 8 100 9;
param besoinRessource : 1 2 3 4 :=
                    1   2 3 0 2
                    2   4 5 1 1
                    3   4 5 6 1
                    4   2 5 4 1
                    5   3 3 7 2
                    6   2 1 7 2
                    7   4 7 6 2
                    8   1 4 1 1
                    9   2 7 7 1
                    10   2 7 5 1
                    11   4 7 7 1
                    12   2 3 3 1
                    13   3 8 0 1
                    14   3 5 1 2
                    15   3 7 1 1
                    16   3 1 6 1
                    17   3 4 0 2
                    18   1 6 5 2
                    19   4 5 3 2
                    20   2 8 10 1
                    21   3 6 1 2
                    22   3 5 1 1
                    23   2 4 4 1
                    24   4 6 9 1
                    25   1 6 8 2
                    26   1 3 2 2
                    27   2 4 6 2
                    28   2 1 4 1
                    29   1 8 1 1
                    30   4 7 1 2
                    31   1 5 1 1
                    32   4 1 1 2
                    33   3 5 7 1
                    34   1 2 10 2
                    35   2 1 6 1
                    36   3 3 6 1
                    37   2 5 1 1
                    38   1 2 3 2
                    39   1 6 2 2
                    40   1 5 1 2
                    41   3 2 1 1
                    42   3 1 0 2
                    43   3 5 7 1
                    44   2 8 7 1
                    45   2 5 4 2
                    46   2 7 3 2
                    47   3 8 2 2
                    48   3 4 0 2
                    49   3 2 8 2
                    50   3 4 0 2
                    51   3 2 2 1
                    52   3 1 3 2
                    53   3 5 2 2
                    54   2 2 0 2
                    55   4 3 10 1
                    56   2 7 8 1
                    57   2 5 1 2
                    58   1 8 2 1
                    59   1 1 6 2
                    60   4 5 10 2
                    61   2 5 4 2
                    62   1 7 7 2
                    63   1 2 6 1
                    64   2 7 1 2
                    65   4 5 5 2
                    66   1 8 9 1
                    67   1 4 0 2
                    68   3 8 10 2
                    69   1 2 4 2
                    70   2 1 6 1
                    71   2 7 4 2
                    72   3 5 7 1
                    73   1 3 1 2
                    74   4 8 5 1
                    75   4 4 9 1
                    76   4 1 4 2
                    77   1 7 0 1
                    78   1 7 10 2
                    79   4 8 2 1
                    80   3 5 6 2
                    81   4 4 8 2
                    82   4 4 1 1
                    83   3 5 1 2
                    84   1 5 0 1
                    85   1 5 5 1
                    86   2 4 6 1
                    87   1 5 9 2
                    88   1 3 6 1
                    89   1 6 1 2
                    90   1 3 5 1
                    91   2 3 1 1
                    92   4 8 9 1
                    93   4 2 8 1
                    94   1 6 8 2
                    95   4 8 4 1
                    96   4 3 6 1
                    97   2 1 5 1
                    98   3 2 9 1
                    99   3 7 0 2
                    100   2 5 8 1;
param nombreMachine := 5;
param capaciteRessource : 1 2 3 4 :=
                    1     8 13 15 7
                    2     7 11 16 4
                    3     8 10 13 6
                    4     7 15 16 8
                    5     7 13 16 5
end;

