data;
param nombreTypeRessource := 4;
param nombreJob := 50;
param job duree := 1 9 2 5 3 6 4 6 5 8 6 9 7 6 8 9 9 2 10 5 11 3 12 6 13 3 14 8 15 4 16 5 17 8 18 1 19 2 20 2 21 9 22 10 23 4 24 4 25 2 26 2 27 1 28 5 29 7 30 4 31 2 32 7 33 8 34 8 35 7 36 2 37 7 38 6 39 3 40 1 41 3 42 3 43 10 44 8 45 8 46 2 47 7 48 5 49 1 50 1;
param besoinRessource : 1 2 3 4 :=
                    1   1 1 7 1
                    2   4 4 8 2
                    3   1 8 5 2
                    4   2 8 1 1
                    5   3 4 6 1
                    6   3 8 7 2
                    7   3 5 9 2
                    8   3 6 1 1
                    9   4 7 6 2
                    10   4 1 6 1
                    11   2 4 5 1
                    12   3 7 7 2
                    13   1 6 1 2
                    14   2 7 9 2
                    15   4 1 10 1
                    16   4 3 9 2
                    17   4 4 0 2
                    18   1 7 10 2
                    19   4 8 0 2
                    20   2 7 2 1
                    21   4 1 4 2
                    22   4 1 6 1
                    23   4 5 8 2
                    24   1 7 0 1
                    25   1 8 6 2
                    26   3 1 8 2
                    27   3 5 7 2
                    28   4 7 3 1
                    29   3 6 8 2
                    30   2 2 5 1
                    31   4 4 3 2
                    32   4 4 2 1
                    33   1 5 10 2
                    34   3 1 3 2
                    35   1 8 0 2
                    36   1 3 7 1
                    37   2 6 9 2
                    38   1 1 2 2
                    39   2 5 3 1
                    40   4 6 2 1
                    41   1 7 3 2
                    42   4 8 9 2
                    43   2 4 2 2
                    44   4 8 8 1
                    45   4 6 8 1
                    46   3 5 1 2
                    47   2 5 0 1
                    48   2 2 0 2
                    49   2 5 2 2
                    50   1 5 4 2;
param nombreMachine := 5;
param capaciteRessource : 1 2 3 4 :=
                    1     7 16 16 7
                    2     6 15 19 5
                    3     8 10 18 8
                    4     6 14 16 4
                    5     8 15 15 8
end;

