data;
param nombreTypeRessource := 4;
param nombreJob := 50;
param job duree := 1 6 2 5 3 8 4 1 5 7 6 5 7 1 8 9 9 3 10 1 11 3 12 2 13 6 14 2 15 8 16 2 17 5 18 2 19 10 20 9 21 5 22 2 23 2 24 9 25 1 26 8 27 9 28 7 29 5 30 8 31 7 32 2 33 7 34 4 35 2 36 10 37 2 38 9 39 4 40 2 41 8 42 7 43 1 44 2 45 6 46 6 47 7 48 2 49 10 50 2;
param besoinRessource : 1 2 3 4 :=
                    1   4 2 8 2
                    2   2 6 4 2
                    3   2 2 6 2
                    4   1 1 10 2
                    5   4 7 8 1
                    6   1 8 3 1
                    7   2 6 8 1
                    8   1 5 6 1
                    9   3 5 7 2
                    10   2 5 0 2
                    11   3 7 7 1
                    12   2 3 1 2
                    13   2 3 7 2
                    14   2 3 3 1
                    15   1 8 1 2
                    16   4 7 1 1
                    17   4 1 10 2
                    18   2 2 5 2
                    19   1 4 6 2
                    20   1 5 3 1
                    21   2 4 10 2
                    22   4 5 2 1
                    23   3 2 7 2
                    24   3 5 1 2
                    25   4 8 9 1
                    26   2 3 5 1
                    27   1 8 3 1
                    28   4 3 7 1
                    29   1 5 5 1
                    30   2 3 5 2
                    31   4 6 0 2
                    32   4 3 4 1
                    33   1 6 5 1
                    34   3 4 6 1
                    35   2 7 3 1
                    36   3 1 2 2
                    37   4 8 6 1
                    38   3 2 0 2
                    39   2 8 2 2
                    40   1 4 2 2
                    41   4 4 9 1
                    42   3 8 1 1
                    43   1 4 1 1
                    44   4 5 6 2
                    45   3 5 8 1
                    46   4 5 2 2
                    47   1 1 9 2
                    48   3 2 0 1
                    49   3 6 8 2
                    50   4 2 4 1;
param nombreMachine := 5;
param capaciteRessource : 1 2 3 4 :=
                    1     7 12 13 5
                    2     7 12 13 6
                    3     7 11 16 6
                    4     6 11 13 5
                    5     7 12 18 6
end;

