data;
param nombreTypeRessource := 4;
param nombreJob := 50;
param job duree := 1 5 2 4 3 9 4 2 5 6 6 6 7 6 8 6 9 7 10 5 11 7 12 3 13 10 14 3 15 10 16 9 17 5 18 7 19 8 20 4 21 6 22 9 23 2 24 2 25 4 26 4 27 2 28 10 29 1 30 5 31 4 32 5 33 10 34 9 35 3 36 2 37 1 38 5 39 7 40 6 41 5 42 6 43 2 44 9 45 8 46 7 47 10 48 3 49 9 50 5;
param besoinRessource : 1 2 3 4 :=
                    1   3 4 7 1
                    2   4 1 8 2
                    3   2 6 1 2
                    4   4 7 3 1
                    5   2 4 3 1
                    6   1 3 6 2
                    7   3 3 1 1
                    8   3 5 6 2
                    9   1 6 4 2
                    10   2 2 7 1
                    11   1 5 3 2
                    12   3 5 4 1
                    13   3 7 9 1
                    14   3 6 8 2
                    15   2 7 1 1
                    16   2 6 7 2
                    17   3 4 7 1
                    18   3 7 7 2
                    19   4 5 8 2
                    20   3 6 1 1
                    21   2 1 10 1
                    22   1 4 0 1
                    23   3 5 4 1
                    24   1 2 3 1
                    25   2 6 3 1
                    26   4 1 2 2
                    27   4 8 3 1
                    28   1 6 3 1
                    29   2 5 9 1
                    30   1 8 2 1
                    31   1 1 0 1
                    32   2 1 8 1
                    33   4 6 7 1
                    34   4 6 4 2
                    35   4 2 8 2
                    36   2 1 9 2
                    37   3 8 8 2
                    38   1 5 7 2
                    39   2 4 1 1
                    40   4 3 8 2
                    41   4 1 4 1
                    42   2 2 9 1
                    43   1 4 8 1
                    44   3 7 8 1
                    45   1 1 0 2
                    46   2 4 8 2
                    47   4 4 2 1
                    48   4 3 7 2
                    49   2 7 9 2
                    50   1 3 5 2;
param nombreMachine := 5;
param capaciteRessource : 1 2 3 4 :=
                    1     8 12 12 8
                    2     6 13 12 5
                    3     7 12 19 4
                    4     6 13 14 6
                    5     8 14 18 7
end;

