data;
param nombreTypeRessource := 4;
param nombreJob := 50;
param job duree := 1 9 2 9 3 9 4 1 5 6 6 2 7 6 8 1 9 7 10 2 11 7 12 7 13 10 14 10 15 1 16 5 17 7 18 5 19 2 20 3 21 7 22 9 23 4 24 7 25 5 26 3 27 8 28 2 29 10 30 6 31 5 32 7 33 4 34 4 35 10 36 3 37 1 38 6 39 7 40 7 41 6 42 1 43 7 44 9 45 8 46 10 47 9 48 1 49 5 50 9;
param besoinRessource : 1 2 3 4 :=
                    1   4 7 6 2
                    2   1 7 0 2
                    3   4 1 7 1
                    4   3 8 1 1
                    5   4 8 3 1
                    6   1 2 4 2
                    7   1 1 7 1
                    8   2 2 4 1
                    9   4 2 4 1
                    10   4 8 8 1
                    11   4 7 0 1
                    12   2 2 7 2
                    13   1 6 3 2
                    14   2 2 1 1
                    15   1 5 5 2
                    16   4 7 0 1
                    17   4 7 5 2
                    18   1 4 10 2
                    19   2 4 6 1
                    20   2 4 9 2
                    21   4 5 10 1
                    22   3 2 0 2
                    23   1 1 5 1
                    24   2 5 5 2
                    25   2 8 9 1
                    26   4 4 6 1
                    27   1 5 5 2
                    28   1 8 3 2
                    29   4 6 5 2
                    30   2 4 3 1
                    31   1 3 0 1
                    32   4 7 1 2
                    33   2 1 1 1
                    34   4 1 1 2
                    35   4 8 3 1
                    36   4 8 0 2
                    37   1 7 7 2
                    38   1 1 2 1
                    39   4 7 2 1
                    40   2 8 2 1
                    41   1 8 3 2
                    42   2 8 0 1
                    43   2 2 6 1
                    44   3 7 9 1
                    45   4 7 10 1
                    46   3 4 8 1
                    47   4 4 9 1
                    48   4 4 1 1
                    49   1 3 7 2
                    50   1 8 3 1;
param nombreMachine := 5;
param capaciteRessource : 1 2 3 4 :=
                    1     6 15 20 6
                    2     6 15 17 5
                    3     8 15 19 5
                    4     6 15 20 7
                    5     7 16 19 8
end;

