data;
param nombreTypeRessource := 4;
param nombreJob := 50;
param job duree := 1 1 2 2 3 8 4 1 5 6 6 9 7 5 8 7 9 8 10 9 11 5 12 9 13 1 14 5 15 5 16 5 17 1 18 3 19 6 20 2 21 2 22 3 23 8 24 10 25 5 26 9 27 10 28 7 29 7 30 2 31 5 32 5 33 7 34 10 35 9 36 8 37 6 38 5 39 7 40 8 41 2 42 8 43 9 44 9 45 9 46 4 47 7 48 1 49 7 50 10;
param besoinRessource : 1 2 3 4 :=
                    1   2 7 1 1
                    2   2 8 2 2
                    3   2 7 4 2
                    4   1 6 4 2
                    5   1 2 3 2
                    6   2 4 3 2
                    7   2 2 9 2
                    8   1 5 10 2
                    9   2 5 4 1
                    10   1 7 7 1
                    11   1 8 2 2
                    12   3 7 10 2
                    13   4 4 1 1
                    14   1 5 9 1
                    15   4 7 0 2
                    16   1 7 0 2
                    17   1 4 8 1
                    18   1 7 5 2
                    19   2 6 3 2
                    20   3 2 5 2
                    21   3 1 4 2
                    22   4 2 0 1
                    23   1 2 7 2
                    24   3 7 4 1
                    25   4 7 6 1
                    26   4 2 5 1
                    27   4 2 7 1
                    28   1 2 0 1
                    29   4 8 2 2
                    30   2 8 2 2
                    31   4 1 1 1
                    32   2 3 9 2
                    33   3 5 10 1
                    34   3 4 9 2
                    35   4 6 9 2
                    36   3 5 3 1
                    37   3 3 9 2
                    38   3 2 2 2
                    39   4 6 5 1
                    40   4 8 8 2
                    41   1 2 0 2
                    42   3 5 9 2
                    43   3 7 0 1
                    44   1 3 8 1
                    45   1 5 10 1
                    46   1 5 9 2
                    47   4 5 2 1
                    48   3 4 8 1
                    49   1 6 3 1
                    50   1 4 1 2;
param nombreMachine := 5;
param capaciteRessource : 1 2 3 4 :=
                    1     7 14 19 8
                    2     6 11 20 8
                    3     8 12 16 5
                    4     6 14 14 5
                    5     6 10 14 6
end;

