data;
param nombreTypeRessource := 4;
param nombreJob := 50;
param job duree := 1 5 2 3 3 2 4 8 5 2 6 3 7 10 8 6 9 8 10 10 11 4 12 1 13 1 14 8 15 8 16 10 17 10 18 8 19 3 20 9 21 5 22 7 23 6 24 1 25 4 26 10 27 1 28 1 29 6 30 3 31 1 32 9 33 1 34 3 35 3 36 4 37 9 38 9 39 2 40 8 41 8 42 2 43 2 44 6 45 7 46 7 47 8 48 1 49 10 50 7;
param besoinRessource : 1 2 3 4 :=
                    1   2 4 6 2
                    2   3 8 3 1
                    3   2 5 1 1
                    4   3 3 0 1
                    5   4 1 5 1
                    6   1 4 7 1
                    7   2 1 3 1
                    8   4 6 6 2
                    9   1 7 5 1
                    10   2 4 6 2
                    11   4 8 3 1
                    12   1 1 8 2
                    13   3 3 8 1
                    14   2 1 1 1
                    15   3 3 5 2
                    16   1 4 1 2
                    17   3 2 4 2
                    18   2 7 5 2
                    19   2 2 4 2
                    20   3 4 3 1
                    21   1 6 6 2
                    22   3 1 9 2
                    23   1 3 3 2
                    24   1 7 10 2
                    25   3 4 5 2
                    26   2 3 9 2
                    27   2 1 4 2
                    28   3 1 3 1
                    29   3 7 10 2
                    30   1 8 4 1
                    31   3 1 9 2
                    32   2 5 9 1
                    33   4 7 7 1
                    34   1 2 7 2
                    35   1 3 1 2
                    36   1 7 10 1
                    37   1 8 6 1
                    38   2 2 0 2
                    39   2 3 5 1
                    40   4 1 6 1
                    41   2 3 9 1
                    42   3 7 4 2
                    43   2 8 10 2
                    44   4 2 2 1
                    45   1 1 0 1
                    46   3 6 4 2
                    47   4 5 4 1
                    48   1 2 10 1
                    49   1 1 3 1
                    50   3 5 9 1;
param nombreMachine := 5;
param capaciteRessource : 1 2 3 4 :=
                    1     7 13 18 7
                    2     8 12 19 8
                    3     6 10 13 7
                    4     7 13 19 4
                    5     6 15 14 7
end;

