data;
param nombreTypeRessource := 4;
param nombreJob := 50;
param job duree := 1 10 2 5 3 10 4 4 5 7 6 5 7 2 8 2 9 1 10 2 11 3 12 8 13 2 14 10 15 5 16 6 17 7 18 8 19 5 20 3 21 4 22 9 23 10 24 8 25 1 26 10 27 6 28 3 29 9 30 5 31 2 32 6 33 10 34 4 35 5 36 9 37 4 38 2 39 7 40 4 41 2 42 10 43 3 44 2 45 6 46 10 47 2 48 3 49 5 50 5;
param besoinRessource : 1 2 3 4 :=
                    1   4 3 1 2
                    2   2 6 5 1
                    3   4 3 1 2
                    4   1 8 1 1
                    5   4 2 1 1
                    6   1 3 6 2
                    7   3 3 3 2
                    8   1 8 5 1
                    9   3 1 2 2
                    10   1 1 10 2
                    11   2 2 8 1
                    12   1 4 8 1
                    13   3 6 10 1
                    14   1 2 3 2
                    15   2 7 3 1
                    16   3 4 10 2
                    17   1 1 6 1
                    18   4 1 2 1
                    19   4 5 5 1
                    20   4 3 0 1
                    21   2 4 7 1
                    22   1 2 8 2
                    23   2 2 1 2
                    24   2 7 3 1
                    25   4 2 6 2
                    26   4 2 4 1
                    27   4 2 7 1
                    28   4 3 8 2
                    29   2 7 8 2
                    30   4 3 9 2
                    31   3 1 8 1
                    32   1 8 5 1
                    33   3 4 3 1
                    34   2 5 7 1
                    35   2 8 3 1
                    36   1 5 4 1
                    37   2 4 0 2
                    38   4 8 1 1
                    39   2 7 6 1
                    40   4 5 4 2
                    41   3 8 5 1
                    42   3 7 3 2
                    43   1 4 0 1
                    44   3 5 7 2
                    45   3 7 7 1
                    46   2 7 0 2
                    47   2 7 8 2
                    48   2 3 6 2
                    49   1 5 8 2
                    50   4 8 10 2;
param nombreMachine := 5;
param capaciteRessource : 1 2 3 4 :=
                    1     8 11 16 5
                    2     7 11 18 4
                    3     7 13 12 7
                    4     7 14 12 4
                    5     7 16 18 5
end;

