data;
param nombreTypeRessource := 4;
param nombreJob := 50;
param job duree := 1 4 2 1 3 7 4 9 5 1 6 2 7 1 8 5 9 7 10 5 11 5 12 6 13 10 14 7 15 4 16 5 17 4 18 3 19 9 20 2 21 2 22 1 23 4 24 3 25 7 26 5 27 2 28 5 29 5 30 8 31 9 32 4 33 4 34 4 35 5 36 7 37 4 38 3 39 10 40 8 41 8 42 9 43 4 44 10 45 2 46 1 47 1 48 10 49 3 50 7;
param besoinRessource : 1 2 3 4 :=
                    1   2 4 5 2
                    2   4 1 10 2
                    3   3 5 9 2
                    4   3 4 7 1
                    5   1 6 3 1
                    6   2 4 3 2
                    7   4 5 4 1
                    8   2 7 9 2
                    9   4 5 1 1
                    10   4 6 7 2
                    11   4 6 9 2
                    12   4 6 2 2
                    13   2 3 4 1
                    14   2 4 4 1
                    15   3 8 5 2
                    16   1 6 6 1
                    17   4 1 4 1
                    18   4 6 9 1
                    19   4 1 5 2
                    20   1 4 7 1
                    21   3 5 8 2
                    22   2 4 7 2
                    23   2 2 9 2
                    24   1 7 2 1
                    25   4 8 2 1
                    26   3 2 0 1
                    27   2 2 3 2
                    28   4 2 0 1
                    29   2 4 10 2
                    30   1 6 2 2
                    31   1 4 8 1
                    32   2 6 7 2
                    33   1 3 0 1
                    34   4 5 4 2
                    35   4 6 3 1
                    36   1 7 6 1
                    37   1 1 9 1
                    38   3 3 6 1
                    39   4 8 2 1
                    40   4 1 8 1
                    41   3 3 6 2
                    42   3 1 4 1
                    43   4 6 0 1
                    44   3 6 4 2
                    45   1 4 5 2
                    46   2 2 4 1
                    47   2 3 6 2
                    48   2 7 7 1
                    49   1 7 1 2
                    50   1 7 10 2;
param nombreMachine := 5;
param capaciteRessource : 1 2 3 4 :=
                    1     7 15 15 8
                    2     7 15 18 7
                    3     6 14 16 7
                    4     7 14 16 5
                    5     8 12 14 4
end;

