data;
param nombreTypeRessource := 4;
param nombreJob := 50;
param job duree := 1 1 2 3 3 3 4 8 5 6 6 10 7 1 8 4 9 8 10 10 11 6 12 8 13 8 14 6 15 2 16 2 17 3 18 2 19 8 20 9 21 4 22 9 23 6 24 6 25 6 26 7 27 3 28 1 29 8 30 6 31 5 32 6 33 2 34 6 35 6 36 7 37 2 38 6 39 4 40 2 41 8 42 4 43 7 44 2 45 4 46 6 47 8 48 7 49 2 50 7;
param besoinRessource : 1 2 3 4 :=
                    1   3 3 4 1
                    2   3 4 5 2
                    3   3 2 9 1
                    4   3 8 9 1
                    5   4 7 6 2
                    6   4 8 10 1
                    7   4 8 2 2
                    8   1 2 1 2
                    9   4 3 2 1
                    10   3 7 6 1
                    11   3 7 7 2
                    12   3 2 7 2
                    13   4 8 1 1
                    14   1 5 4 1
                    15   4 8 4 1
                    16   1 5 1 1
                    17   2 4 4 1
                    18   4 7 9 1
                    19   4 4 5 2
                    20   1 4 7 1
                    21   1 7 7 2
                    22   2 3 6 1
                    23   3 1 7 1
                    24   3 3 7 2
                    25   2 3 6 2
                    26   4 6 5 1
                    27   3 6 1 2
                    28   4 3 6 1
                    29   3 2 1 2
                    30   1 6 1 2
                    31   2 1 4 1
                    32   4 4 7 1
                    33   3 4 2 2
                    34   1 5 6 1
                    35   1 4 10 1
                    36   1 7 2 1
                    37   3 4 6 1
                    38   2 8 2 1
                    39   1 2 7 1
                    40   2 7 7 1
                    41   3 6 3 2
                    42   2 5 0 1
                    43   2 6 7 1
                    44   1 8 2 2
                    45   4 1 10 2
                    46   2 8 5 1
                    47   4 1 7 1
                    48   4 3 0 2
                    49   2 3 2 1
                    50   1 6 9 2;
param nombreMachine := 5;
param capaciteRessource : 1 2 3 4 :=
                    1     8 10 20 4
                    2     6 12 18 6
                    3     7 14 20 7
                    4     6 12 18 5
                    5     7 12 16 8
end;

