data;
param nombreTypeRessource := 4;
param nombreJob := 50;
param job duree := 1 8 2 7 3 5 4 2 5 5 6 7 7 5 8 9 9 10 10 3 11 4 12 1 13 10 14 1 15 2 16 6 17 2 18 7 19 4 20 2 21 7 22 1 23 3 24 10 25 6 26 7 27 6 28 6 29 5 30 8 31 9 32 3 33 4 34 3 35 3 36 9 37 8 38 6 39 1 40 4 41 6 42 6 43 5 44 4 45 2 46 10 47 1 48 6 49 9 50 9;
param besoinRessource : 1 2 3 4 :=
                    1   4 1 2 1
                    2   1 5 2 2
                    3   4 1 2 1
                    4   1 1 9 1
                    5   3 7 1 2
                    6   2 8 10 1
                    7   2 4 4 1
                    8   2 1 2 2
                    9   1 7 6 2
                    10   1 7 5 2
                    11   3 2 4 1
                    12   4 8 9 2
                    13   1 1 10 2
                    14   1 3 1 1
                    15   4 1 10 1
                    16   2 2 3 1
                    17   1 2 5 2
                    18   4 8 2 2
                    19   2 8 0 1
                    20   3 2 9 1
                    21   3 6 3 1
                    22   3 1 5 2
                    23   1 3 3 2
                    24   2 7 2 2
                    25   1 3 2 1
                    26   2 8 10 1
                    27   4 5 0 1
                    28   4 6 0 2
                    29   2 4 0 1
                    30   2 8 7 2
                    31   2 4 8 1
                    32   4 7 6 1
                    33   2 1 2 1
                    34   3 4 1 2
                    35   3 6 10 1
                    36   4 3 5 2
                    37   2 2 1 2
                    38   4 4 8 2
                    39   2 4 1 2
                    40   4 5 5 1
                    41   3 4 7 2
                    42   2 1 9 2
                    43   1 6 8 2
                    44   1 1 4 2
                    45   3 6 8 1
                    46   3 3 8 2
                    47   3 6 6 2
                    48   2 6 4 2
                    49   4 2 4 1
                    50   3 7 6 1;
param nombreMachine := 5;
param capaciteRessource : 1 2 3 4 :=
                    1     8 13 16 8
                    2     7 14 13 6
                    3     8 11 18 7
                    4     8 15 14 4
                    5     8 11 13 4
end;

