data;
param nombreTypeRessource := 4;
param nombreJob := 50;
param job duree := 1 3 2 8 3 2 4 8 5 6 6 8 7 4 8 6 9 10 10 10 11 3 12 1 13 9 14 3 15 6 16 6 17 8 18 1 19 8 20 4 21 8 22 5 23 5 24 5 25 7 26 5 27 10 28 3 29 2 30 9 31 10 32 3 33 4 34 8 35 2 36 9 37 7 38 9 39 5 40 2 41 7 42 3 43 9 44 4 45 4 46 4 47 9 48 3 49 2 50 1;
param besoinRessource : 1 2 3 4 :=
                    1   4 5 4 2
                    2   2 3 6 2
                    3   4 2 5 2
                    4   2 6 10 1
                    5   2 3 5 1
                    6   3 1 1 2
                    7   2 6 5 1
                    8   4 4 0 1
                    9   1 8 6 1
                    10   2 8 1 1
                    11   3 8 6 1
                    12   1 7 8 2
                    13   2 5 3 1
                    14   1 3 6 2
                    15   1 5 3 2
                    16   3 4 1 2
                    17   2 7 2 1
                    18   3 5 4 2
                    19   3 4 6 2
                    20   3 3 0 2
                    21   1 5 9 2
                    22   2 5 2 1
                    23   4 2 10 1
                    24   1 3 9 2
                    25   1 7 3 1
                    26   3 3 10 1
                    27   2 6 10 2
                    28   3 3 8 1
                    29   1 4 4 2
                    30   2 4 6 2
                    31   3 3 9 1
                    32   1 1 10 1
                    33   2 2 3 1
                    34   4 3 6 1
                    35   1 2 3 2
                    36   3 1 8 2
                    37   3 6 1 1
                    38   3 7 4 2
                    39   4 6 6 1
                    40   3 6 10 2
                    41   4 4 10 2
                    42   2 2 2 1
                    43   4 4 3 2
                    44   3 2 2 2
                    45   2 1 7 1
                    46   4 3 9 1
                    47   1 7 3 2
                    48   3 6 10 2
                    49   1 2 7 1
                    50   3 7 4 2;
param nombreMachine := 5;
param capaciteRessource : 1 2 3 4 :=
                    1     6 16 18 6
                    2     6 14 14 8
                    3     7 14 18 6
                    4     7 10 18 5
                    5     8 14 18 6
end;

