data;
param nombreTypeRessource := 4;
param nombreJob := 50;
param job duree := 1 9 2 1 3 8 4 6 5 2 6 1 7 5 8 2 9 3 10 8 11 6 12 7 13 5 14 4 15 6 16 4 17 1 18 5 19 5 20 1 21 10 22 5 23 9 24 10 25 9 26 8 27 1 28 3 29 6 30 4 31 5 32 8 33 3 34 10 35 8 36 9 37 9 38 7 39 2 40 2 41 7 42 8 43 9 44 4 45 7 46 4 47 2 48 10 49 10 50 8;
param besoinRessource : 1 2 3 4 :=
                    1   1 6 7 2
                    2   1 5 0 1
                    3   1 4 1 2
                    4   3 3 0 1
                    5   2 1 5 1
                    6   3 8 4 1
                    7   2 3 1 2
                    8   2 3 9 2
                    9   4 3 9 1
                    10   1 5 5 2
                    11   4 7 1 1
                    12   3 6 8 1
                    13   4 1 6 2
                    14   2 2 5 1
                    15   1 3 2 1
                    16   2 8 4 1
                    17   1 5 0 1
                    18   2 8 4 1
                    19   1 5 10 1
                    20   2 3 4 1
                    21   2 5 5 1
                    22   3 3 3 1
                    23   3 8 5 2
                    24   1 1 10 2
                    25   2 8 3 2
                    26   3 5 3 1
                    27   3 6 6 2
                    28   3 5 4 2
                    29   1 8 10 1
                    30   3 1 1 1
                    31   3 7 5 2
                    32   2 7 7 2
                    33   1 3 9 2
                    34   4 4 8 2
                    35   3 5 4 2
                    36   3 3 1 2
                    37   4 7 10 2
                    38   1 1 4 1
                    39   1 5 0 1
                    40   4 7 2 2
                    41   4 1 5 2
                    42   3 2 8 1
                    43   3 4 5 1
                    44   2 7 2 1
                    45   1 1 2 1
                    46   2 1 6 1
                    47   4 6 10 1
                    48   2 4 2 2
                    49   4 2 10 2
                    50   1 2 9 1;
param nombreMachine := 5;
param capaciteRessource : 1 2 3 4 :=
                    1     7 16 14 7
                    2     6 14 17 8
                    3     7 11 13 5
                    4     7 10 13 8
                    5     8 12 14 6
end;

