data;
param nombreTypeRessource := 4;
param nombreJob := 50;
param job duree := 1 8 2 8 3 6 4 6 5 10 6 1 7 6 8 3 9 3 10 2 11 3 12 8 13 4 14 7 15 2 16 6 17 3 18 4 19 10 20 9 21 6 22 7 23 3 24 8 25 6 26 4 27 4 28 5 29 2 30 5 31 1 32 4 33 9 34 10 35 1 36 2 37 5 38 1 39 5 40 7 41 8 42 8 43 5 44 6 45 8 46 5 47 4 48 6 49 7 50 5;
param besoinRessource : 1 2 3 4 :=
                    1   1 7 3 2
                    2   2 3 10 1
                    3   3 7 8 1
                    4   2 1 10 2
                    5   1 2 6 2
                    6   3 1 5 1
                    7   2 1 1 1
                    8   1 2 6 1
                    9   4 6 10 2
                    10   1 3 10 1
                    11   2 5 5 2
                    12   2 2 1 2
                    13   4 4 4 2
                    14   4 1 4 2
                    15   4 5 5 2
                    16   2 5 0 1
                    17   2 4 8 1
                    18   2 2 4 1
                    19   2 8 8 2
                    20   3 6 9 2
                    21   1 4 6 2
                    22   2 2 2 2
                    23   3 6 5 2
                    24   3 4 0 1
                    25   2 6 1 1
                    26   4 6 4 2
                    27   2 5 10 1
                    28   3 2 3 1
                    29   4 6 6 2
                    30   1 8 9 2
                    31   3 1 9 1
                    32   1 4 6 2
                    33   1 7 3 2
                    34   1 1 4 1
                    35   1 2 4 2
                    36   4 8 3 2
                    37   1 2 6 2
                    38   3 1 3 2
                    39   2 1 5 2
                    40   2 2 1 1
                    41   4 1 1 1
                    42   4 7 1 1
                    43   1 3 9 2
                    44   2 4 10 1
                    45   3 7 6 1
                    46   3 8 5 1
                    47   2 2 7 1
                    48   4 1 0 1
                    49   1 7 9 1
                    50   2 7 9 2;
param nombreMachine := 5;
param capaciteRessource : 1 2 3 4 :=
                    1     6 10 19 7
                    2     6 11 15 4
                    3     7 12 13 5
                    4     7 15 20 5
                    5     7 13 13 7
end;

