data;
param nombreTypeRessource := 4;
param nombreJob := 50;
param job duree := 1 2 2 8 3 3 4 9 5 7 6 7 7 1 8 6 9 2 10 1 11 3 12 3 13 8 14 10 15 5 16 3 17 5 18 3 19 1 20 5 21 9 22 9 23 7 24 10 25 8 26 6 27 7 28 7 29 1 30 5 31 3 32 8 33 10 34 8 35 5 36 8 37 9 38 1 39 2 40 7 41 7 42 5 43 8 44 8 45 6 46 3 47 9 48 3 49 9 50 5;
param besoinRessource : 1 2 3 4 :=
                    1   2 2 9 1
                    2   3 1 0 1
                    3   2 4 3 1
                    4   2 8 3 1
                    5   2 4 2 1
                    6   1 7 9 1
                    7   1 7 4 1
                    8   2 7 1 1
                    9   4 3 0 2
                    10   4 7 0 2
                    11   2 5 0 1
                    12   4 6 2 2
                    13   4 8 0 1
                    14   2 3 6 2
                    15   3 8 9 1
                    16   1 2 7 1
                    17   2 3 2 1
                    18   2 8 9 2
                    19   1 7 2 2
                    20   3 8 5 2
                    21   1 7 9 2
                    22   1 5 2 2
                    23   1 8 8 1
                    24   4 5 2 2
                    25   1 1 2 1
                    26   4 1 8 1
                    27   2 1 5 2
                    28   1 8 4 2
                    29   2 4 8 1
                    30   2 6 1 2
                    31   3 5 0 1
                    32   3 7 8 1
                    33   2 2 10 2
                    34   1 5 4 1
                    35   3 2 6 1
                    36   2 3 2 2
                    37   2 2 6 2
                    38   4 6 1 2
                    39   2 5 0 2
                    40   1 5 1 2
                    41   3 6 5 2
                    42   4 6 0 2
                    43   3 1 1 2
                    44   1 6 2 2
                    45   2 7 9 1
                    46   2 4 10 1
                    47   3 2 5 1
                    48   3 6 5 1
                    49   4 2 10 1
                    50   4 2 1 1;
param nombreMachine := 5;
param capaciteRessource : 1 2 3 4 :=
                    1     8 14 16 5
                    2     6 15 14 7
                    3     7 10 17 7
                    4     6 12 18 6
                    5     6 12 19 8
end;

