data;
param nombreTypeRessource := 4;
param nombreJob := 50;
param job duree := 1 7 2 1 3 5 4 10 5 1 6 5 7 6 8 6 9 10 10 1 11 10 12 4 13 5 14 9 15 8 16 10 17 9 18 5 19 9 20 6 21 3 22 8 23 10 24 5 25 10 26 6 27 7 28 6 29 10 30 4 31 4 32 8 33 3 34 9 35 5 36 8 37 3 38 3 39 9 40 2 41 8 42 3 43 6 44 10 45 1 46 2 47 9 48 10 49 7 50 1;
param besoinRessource : 1 2 3 4 :=
                    1   4 8 6 2
                    2   3 1 1 1
                    3   1 1 5 1
                    4   2 5 4 2
                    5   3 6 3 2
                    6   2 3 4 1
                    7   4 4 10 2
                    8   2 3 2 2
                    9   2 4 2 2
                    10   1 1 7 1
                    11   2 1 9 2
                    12   2 4 10 1
                    13   1 7 5 2
                    14   3 2 3 1
                    15   1 7 0 1
                    16   3 5 3 1
                    17   3 3 4 2
                    18   4 2 0 1
                    19   4 2 8 2
                    20   3 4 4 1
                    21   2 5 0 1
                    22   2 8 9 2
                    23   1 8 0 1
                    24   1 8 6 2
                    25   2 3 6 2
                    26   1 6 8 2
                    27   4 2 7 2
                    28   3 8 0 2
                    29   1 3 0 1
                    30   3 1 3 1
                    31   1 3 3 2
                    32   2 8 9 1
                    33   2 8 6 1
                    34   4 1 6 1
                    35   1 7 2 1
                    36   3 7 5 2
                    37   3 6 5 2
                    38   1 2 2 2
                    39   2 7 8 1
                    40   1 4 1 1
                    41   3 5 1 1
                    42   1 5 2 2
                    43   1 5 5 1
                    44   3 2 3 1
                    45   4 6 5 1
                    46   4 2 8 2
                    47   1 1 10 1
                    48   2 2 10 2
                    49   1 5 5 1
                    50   4 8 9 1;
param nombreMachine := 5;
param capaciteRessource : 1 2 3 4 :=
                    1     7 12 15 6
                    2     6 11 18 5
                    3     8 16 13 8
                    4     7 16 20 4
                    5     7 15 13 6
end;

