data;
param nombreTypeRessource := 4;
param nombreJob := 50;
param job duree := 1 5 2 1 3 6 4 9 5 9 6 2 7 7 8 6 9 6 10 8 11 8 12 4 13 10 14 5 15 7 16 7 17 3 18 9 19 6 20 10 21 8 22 6 23 1 24 6 25 10 26 1 27 1 28 2 29 2 30 7 31 2 32 6 33 5 34 8 35 5 36 9 37 10 38 6 39 2 40 5 41 8 42 8 43 7 44 8 45 8 46 1 47 6 48 9 49 9 50 8;
param besoinRessource : 1 2 3 4 :=
                    1   1 6 6 2
                    2   2 6 2 2
                    3   4 2 2 2
                    4   3 8 7 2
                    5   4 6 10 1
                    6   1 6 8 2
                    7   3 1 4 1
                    8   2 5 2 2
                    9   2 1 3 2
                    10   2 1 8 1
                    11   2 2 5 1
                    12   1 4 10 1
                    13   3 2 1 2
                    14   3 4 8 2
                    15   2 3 8 1
                    16   4 6 5 1
                    17   4 2 5 1
                    18   1 6 10 2
                    19   3 6 10 2
                    20   3 4 8 2
                    21   3 4 8 1
                    22   2 2 8 1
                    23   1 3 7 2
                    24   2 7 5 1
                    25   3 8 2 2
                    26   1 7 2 1
                    27   1 1 8 2
                    28   3 6 10 1
                    29   3 6 8 2
                    30   4 5 4 1
                    31   1 3 5 2
                    32   1 4 6 2
                    33   3 3 6 1
                    34   3 3 0 1
                    35   2 8 10 2
                    36   4 3 2 1
                    37   2 1 5 2
                    38   2 6 5 1
                    39   1 4 8 1
                    40   1 8 10 1
                    41   2 2 7 1
                    42   4 8 0 2
                    43   1 6 10 2
                    44   3 1 3 1
                    45   3 6 5 1
                    46   4 6 8 2
                    47   1 6 4 1
                    48   2 1 5 1
                    49   4 1 9 2
                    50   1 3 4 2;
param nombreMachine := 5;
param capaciteRessource : 1 2 3 4 :=
                    1     6 15 18 5
                    2     6 13 19 8
                    3     7 10 17 5
                    4     6 16 17 8
                    5     8 13 15 8
end;

