data;
param nombreTypeRessource := 4;
param nombreJob := 50;
param job duree := 1 5 2 1 3 2 4 3 5 9 6 8 7 3 8 9 9 6 10 9 11 8 12 9 13 6 14 4 15 2 16 3 17 9 18 9 19 7 20 4 21 10 22 3 23 6 24 3 25 10 26 1 27 9 28 9 29 6 30 6 31 5 32 8 33 7 34 5 35 9 36 7 37 5 38 9 39 4 40 7 41 5 42 1 43 10 44 10 45 7 46 6 47 7 48 4 49 2 50 4;
param besoinRessource : 1 2 3 4 :=
                    1   3 1 3 1
                    2   1 3 1 1
                    3   3 8 3 2
                    4   4 6 9 2
                    5   1 4 5 2
                    6   4 4 1 1
                    7   2 1 0 1
                    8   4 3 2 2
                    9   1 7 3 1
                    10   4 1 9 2
                    11   3 8 5 2
                    12   1 8 4 1
                    13   2 3 6 2
                    14   4 4 7 2
                    15   1 2 3 2
                    16   4 3 3 2
                    17   3 2 4 2
                    18   4 3 8 2
                    19   4 3 4 1
                    20   3 8 7 1
                    21   2 3 3 1
                    22   4 5 3 2
                    23   3 5 2 1
                    24   2 6 10 1
                    25   3 4 10 1
                    26   3 5 5 2
                    27   4 5 4 2
                    28   1 8 0 2
                    29   1 2 0 1
                    30   3 1 10 2
                    31   4 6 6 2
                    32   2 6 2 2
                    33   1 6 7 1
                    34   2 3 6 1
                    35   4 3 1 2
                    36   1 8 5 2
                    37   3 1 6 1
                    38   1 3 2 2
                    39   4 2 9 2
                    40   4 5 2 2
                    41   4 1 2 1
                    42   4 5 10 1
                    43   2 3 10 1
                    44   1 2 7 1
                    45   1 5 1 1
                    46   4 8 4 1
                    47   2 3 8 2
                    48   2 1 8 2
                    49   4 5 9 1
                    50   1 3 7 1;
param nombreMachine := 5;
param capaciteRessource : 1 2 3 4 :=
                    1     6 11 14 7
                    2     8 10 19 5
                    3     6 13 16 4
                    4     6 13 16 8
                    5     6 10 19 4
end;

