data;
param nombreTypeRessource := 4;
param nombreJob := 50;
param job duree := 1 6 2 3 3 5 4 4 5 1 6 7 7 7 8 3 9 1 10 5 11 3 12 7 13 4 14 4 15 10 16 2 17 10 18 7 19 7 20 1 21 4 22 10 23 5 24 3 25 6 26 6 27 2 28 4 29 5 30 2 31 9 32 5 33 6 34 5 35 2 36 8 37 1 38 7 39 1 40 6 41 5 42 2 43 8 44 10 45 4 46 7 47 3 48 3 49 6 50 3;
param besoinRessource : 1 2 3 4 :=
                    1   2 1 8 1
                    2   4 4 6 1
                    3   4 2 5 2
                    4   2 6 2 2
                    5   2 6 1 2
                    6   3 7 5 2
                    7   2 3 9 2
                    8   3 6 0 2
                    9   1 7 3 2
                    10   2 1 9 2
                    11   2 8 5 2
                    12   3 2 8 1
                    13   1 3 6 1
                    14   1 2 6 2
                    15   2 4 3 1
                    16   1 8 5 1
                    17   4 6 2 1
                    18   3 5 4 1
                    19   3 6 0 1
                    20   4 2 5 1
                    21   4 5 1 2
                    22   2 8 8 2
                    23   2 7 6 2
                    24   2 8 10 2
                    25   3 7 10 1
                    26   1 3 10 1
                    27   2 7 8 1
                    28   3 3 4 2
                    29   1 6 5 2
                    30   4 1 1 1
                    31   3 6 0 2
                    32   1 8 4 1
                    33   3 2 7 1
                    34   3 4 5 1
                    35   3 1 2 2
                    36   3 1 7 2
                    37   1 8 9 2
                    38   1 1 6 1
                    39   1 7 5 2
                    40   1 6 2 2
                    41   3 1 4 2
                    42   1 5 3 2
                    43   2 7 8 2
                    44   3 8 7 2
                    45   3 2 0 2
                    46   4 8 9 1
                    47   4 4 4 2
                    48   2 8 8 2
                    49   1 8 5 2
                    50   1 8 10 2;
param nombreMachine := 5;
param capaciteRessource : 1 2 3 4 :=
                    1     8 12 17 7
                    2     6 15 14 5
                    3     6 16 16 8
                    4     7 12 16 8
                    5     8 13 18 4
end;

