data;
param nombreTypeRessource := 4;
param nombreJob := 50;
param job duree := 1 9 2 3 3 2 4 7 5 7 6 1 7 8 8 7 9 6 10 8 11 4 12 6 13 9 14 5 15 2 16 1 17 1 18 3 19 1 20 5 21 3 22 1 23 8 24 7 25 10 26 9 27 8 28 5 29 7 30 3 31 10 32 5 33 2 34 9 35 6 36 10 37 6 38 1 39 7 40 7 41 1 42 9 43 2 44 4 45 9 46 5 47 3 48 5 49 2 50 10;
param besoinRessource : 1 2 3 4 :=
                    1   4 5 2 1
                    2   3 8 9 2
                    3   1 1 10 1
                    4   3 4 4 2
                    5   4 4 5 2
                    6   4 2 3 2
                    7   2 3 1 1
                    8   1 7 4 1
                    9   3 2 5 1
                    10   2 4 4 2
                    11   1 3 9 1
                    12   2 3 3 2
                    13   1 6 9 1
                    14   1 7 9 2
                    15   4 6 7 1
                    16   2 3 1 2
                    17   3 8 0 2
                    18   3 1 1 1
                    19   2 2 8 1
                    20   4 5 0 1
                    21   2 7 0 2
                    22   4 5 4 2
                    23   4 1 9 1
                    24   1 4 10 2
                    25   4 7 9 1
                    26   1 4 8 1
                    27   3 8 9 1
                    28   2 6 1 2
                    29   4 7 4 1
                    30   3 5 10 2
                    31   4 4 1 1
                    32   2 8 10 2
                    33   4 2 3 1
                    34   4 5 8 2
                    35   1 1 4 2
                    36   4 5 4 2
                    37   3 7 8 2
                    38   1 6 9 2
                    39   1 6 4 1
                    40   2 3 3 2
                    41   1 7 8 1
                    42   4 4 4 1
                    43   4 7 5 1
                    44   2 1 3 1
                    45   4 3 0 2
                    46   4 2 9 1
                    47   4 4 4 2
                    48   1 7 0 1
                    49   4 4 1 1
                    50   2 1 6 1;
param nombreMachine := 5;
param capaciteRessource : 1 2 3 4 :=
                    1     7 16 19 8
                    2     7 12 14 7
                    3     6 10 19 6
                    4     7 11 16 8
                    5     6 13 12 7
end;

