data;
param nombreTypeRessource := 4;
param nombreJob := 50;
param job duree := 1 10 2 6 3 7 4 9 5 6 6 1 7 10 8 9 9 3 10 7 11 2 12 10 13 8 14 7 15 8 16 1 17 4 18 4 19 10 20 4 21 8 22 6 23 9 24 8 25 6 26 4 27 10 28 1 29 5 30 6 31 3 32 9 33 5 34 7 35 1 36 10 37 1 38 6 39 7 40 6 41 2 42 1 43 4 44 4 45 8 46 3 47 5 48 4 49 10 50 5;
param besoinRessource : 1 2 3 4 :=
                    1   4 4 9 2
                    2   2 1 7 1
                    3   1 4 6 2
                    4   4 1 3 1
                    5   1 6 2 2
                    6   1 7 9 1
                    7   1 5 8 2
                    8   2 7 8 1
                    9   4 7 10 2
                    10   3 7 10 1
                    11   3 7 6 1
                    12   4 8 0 1
                    13   1 4 1 2
                    14   2 5 6 2
                    15   1 2 2 1
                    16   3 5 7 1
                    17   4 5 9 1
                    18   1 8 1 2
                    19   1 2 7 2
                    20   4 3 0 2
                    21   3 3 9 2
                    22   4 4 2 2
                    23   3 6 10 1
                    24   3 8 9 2
                    25   1 4 2 1
                    26   4 6 4 1
                    27   1 1 6 1
                    28   4 6 3 1
                    29   2 7 9 2
                    30   4 1 5 2
                    31   3 7 9 1
                    32   2 4 6 1
                    33   1 6 8 1
                    34   3 4 4 2
                    35   2 4 7 2
                    36   1 6 3 2
                    37   2 8 9 2
                    38   3 2 7 1
                    39   3 2 3 1
                    40   2 3 5 1
                    41   1 6 4 2
                    42   4 5 3 2
                    43   3 2 10 2
                    44   3 7 5 2
                    45   4 3 7 1
                    46   2 7 2 2
                    47   4 5 2 2
                    48   3 2 0 2
                    49   4 4 7 2
                    50   2 5 1 1;
param nombreMachine := 5;
param capaciteRessource : 1 2 3 4 :=
                    1     8 11 20 5
                    2     6 15 15 4
                    3     6 14 20 5
                    4     8 16 18 5
                    5     6 11 12 7
end;

