data;
param nombreTypeRessource := 4;
param nombreJob := 90;
param job duree := 1 9 2 8 3 2 4 7 5 1 6 6 7 5 8 1 9 4 10 7 11 1 12 10 13 4 14 2 15 5 16 8 17 6 18 4 19 2 20 10 21 3 22 8 23 9 24 2 25 6 26 7 27 2 28 10 29 5 30 4 31 1 32 3 33 7 34 9 35 9 36 6 37 1 38 8 39 5 40 7 41 5 42 1 43 4 44 4 45 1 46 10 47 6 48 9 49 4 50 5 51 2 52 5 53 8 54 10 55 2 56 7 57 10 58 8 59 1 60 2 61 4 62 4 63 1 64 3 65 1 66 6 67 8 68 5 69 6 70 10 71 5 72 7 73 9 74 7 75 10 76 10 77 8 78 4 79 7 80 7 81 10 82 10 83 2 84 7 85 3 86 8 87 4 88 1 89 5 90 9;
param besoinRessource : 1 2 3 4 :=
                    1   2 8 3 1
                    2   4 3 5 1
                    3   3 3 10 2
                    4   1 1 1 2
                    5   1 1 9 1
                    6   3 3 1 1
                    7   1 6 10 1
                    8   4 3 2 2
                    9   2 7 8 2
                    10   3 5 4 2
                    11   1 2 9 2
                    12   2 5 2 2
                    13   3 6 9 2
                    14   2 3 1 2
                    15   1 6 1 2
                    16   3 8 2 1
                    17   1 6 1 1
                    18   2 7 6 2
                    19   4 3 9 2
                    20   4 6 2 1
                    21   3 1 0 1
                    22   1 3 8 1
                    23   1 4 1 1
                    24   4 8 8 2
                    25   1 2 2 2
                    26   3 8 2 1
                    27   4 1 6 2
                    28   4 7 9 2
                    29   2 5 10 1
                    30   4 2 3 2
                    31   2 6 7 1
                    32   1 5 5 1
                    33   2 2 6 1
                    34   2 5 6 2
                    35   2 5 2 2
                    36   4 1 7 1
                    37   1 5 4 1
                    38   3 6 0 2
                    39   4 5 8 2
                    40   4 5 10 1
                    41   3 2 8 1
                    42   4 8 6 2
                    43   2 7 5 2
                    44   4 2 8 2
                    45   3 1 8 1
                    46   3 5 8 2
                    47   4 7 8 1
                    48   2 6 10 1
                    49   2 7 6 1
                    50   4 4 10 2
                    51   3 6 8 2
                    52   1 6 2 1
                    53   4 5 7 1
                    54   3 8 7 1
                    55   3 6 5 2
                    56   2 8 4 2
                    57   2 1 5 2
                    58   2 3 10 2
                    59   3 8 9 2
                    60   3 8 0 2
                    61   4 5 2 2
                    62   1 4 9 2
                    63   1 1 1 2
                    64   2 3 10 2
                    65   1 1 5 1
                    66   1 4 5 2
                    67   3 8 8 1
                    68   3 6 5 1
                    69   3 8 8 2
                    70   2 3 6 2
                    71   2 4 10 1
                    72   1 2 1 1
                    73   2 5 10 1
                    74   3 5 2 2
                    75   3 1 3 2
                    76   4 1 1 1
                    77   2 7 7 1
                    78   2 7 2 2
                    79   3 6 2 2
                    80   2 6 5 1
                    81   2 7 5 2
                    82   3 7 7 1
                    83   3 8 3 2
                    84   3 2 2 1
                    85   2 7 5 2
                    86   3 7 5 1
                    87   2 2 7 1
                    88   1 5 3 1
                    89   1 3 4 2
                    90   4 3 3 2;
param nombreMachine := 5;
param capaciteRessource : 1 2 3 4 :=
                    1     7 15 20 7
                    2     8 12 12 5
                    3     6 15 14 8
                    4     6 13 18 4
                    5     6 12 14 7
end;

