data;
param nombreTypeRessource := 4;
param nombreJob := 90;
param job duree := 1 6 2 2 3 7 4 3 5 4 6 7 7 1 8 7 9 9 10 2 11 7 12 8 13 9 14 9 15 2 16 8 17 5 18 4 19 10 20 1 21 5 22 1 23 5 24 9 25 4 26 2 27 1 28 2 29 6 30 6 31 10 32 1 33 2 34 1 35 3 36 1 37 8 38 6 39 5 40 10 41 7 42 3 43 7 44 7 45 4 46 9 47 7 48 3 49 1 50 9 51 4 52 9 53 5 54 10 55 8 56 7 57 3 58 7 59 1 60 1 61 7 62 7 63 9 64 9 65 2 66 1 67 9 68 3 69 5 70 1 71 5 72 5 73 6 74 3 75 3 76 10 77 5 78 8 79 2 80 5 81 3 82 7 83 9 84 5 85 1 86 10 87 1 88 5 89 2 90 2;
param besoinRessource : 1 2 3 4 :=
                    1   3 2 8 2
                    2   2 4 9 1
                    3   1 2 9 1
                    4   3 3 0 2
                    5   4 2 4 1
                    6   3 8 0 2
                    7   1 3 10 1
                    8   1 3 5 2
                    9   2 4 9 1
                    10   4 7 6 2
                    11   2 4 9 1
                    12   4 7 8 1
                    13   1 5 6 1
                    14   1 7 0 1
                    15   2 7 1 2
                    16   4 6 7 2
                    17   4 5 3 2
                    18   3 3 8 1
                    19   4 5 0 2
                    20   4 6 9 2
                    21   2 3 4 2
                    22   4 4 1 2
                    23   4 8 9 1
                    24   1 7 7 1
                    25   1 1 10 1
                    26   1 1 1 1
                    27   1 4 0 1
                    28   1 5 1 2
                    29   1 5 3 1
                    30   1 8 5 1
                    31   3 2 7 2
                    32   2 2 6 1
                    33   2 8 6 2
                    34   3 5 8 2
                    35   2 7 1 2
                    36   3 7 2 2
                    37   4 7 0 2
                    38   3 4 5 1
                    39   3 6 4 1
                    40   2 5 10 1
                    41   4 1 2 2
                    42   3 5 2 1
                    43   4 5 10 1
                    44   1 2 2 1
                    45   1 1 5 1
                    46   2 5 5 1
                    47   1 3 7 1
                    48   1 4 6 1
                    49   3 4 1 1
                    50   3 5 5 2
                    51   2 6 0 1
                    52   2 4 2 1
                    53   1 1 1 2
                    54   3 7 5 1
                    55   1 1 6 2
                    56   3 5 9 1
                    57   4 1 4 1
                    58   3 7 5 1
                    59   4 7 9 2
                    60   4 8 10 2
                    61   1 7 5 2
                    62   1 5 2 1
                    63   4 7 8 2
                    64   1 7 10 2
                    65   2 6 5 1
                    66   4 2 10 2
                    67   2 1 2 1
                    68   2 7 3 2
                    69   2 1 1 2
                    70   1 7 8 1
                    71   3 3 3 2
                    72   1 2 2 1
                    73   4 1 6 1
                    74   2 7 1 2
                    75   4 3 0 1
                    76   3 6 8 1
                    77   1 6 9 2
                    78   2 8 8 1
                    79   1 6 0 1
                    80   4 1 2 2
                    81   2 3 6 1
                    82   2 2 1 2
                    83   3 5 8 1
                    84   2 5 0 2
                    85   4 1 10 2
                    86   4 4 1 1
                    87   4 5 4 2
                    88   1 8 0 2
                    89   2 8 8 1
                    90   3 6 4 2;
param nombreMachine := 5;
param capaciteRessource : 1 2 3 4 :=
                    1     7 14 12 4
                    2     8 12 12 5
                    3     8 12 17 6
                    4     6 12 14 7
                    5     6 13 15 7
end;

