data;
param nombreTypeRessource := 4;
param nombreJob := 90;
param job duree := 1 6 2 10 3 2 4 2 5 3 6 10 7 8 8 1 9 5 10 5 11 1 12 9 13 4 14 9 15 4 16 7 17 7 18 8 19 6 20 6 21 3 22 3 23 10 24 7 25 4 26 6 27 6 28 5 29 3 30 6 31 10 32 7 33 2 34 8 35 10 36 5 37 5 38 5 39 5 40 1 41 8 42 7 43 2 44 2 45 8 46 7 47 9 48 9 49 6 50 2 51 3 52 6 53 7 54 5 55 4 56 2 57 10 58 7 59 2 60 3 61 1 62 1 63 8 64 10 65 9 66 3 67 10 68 3 69 10 70 6 71 1 72 9 73 7 74 8 75 5 76 2 77 5 78 1 79 4 80 3 81 2 82 8 83 1 84 6 85 3 86 4 87 10 88 9 89 1 90 8;
param besoinRessource : 1 2 3 4 :=
                    1   2 8 4 2
                    2   3 7 3 1
                    3   4 7 8 2
                    4   3 2 10 1
                    5   4 3 0 2
                    6   1 2 1 1
                    7   3 5 0 2
                    8   4 8 5 1
                    9   4 3 6 2
                    10   3 6 10 2
                    11   2 3 8 1
                    12   2 3 6 2
                    13   4 6 9 2
                    14   3 5 9 2
                    15   3 5 5 1
                    16   4 1 9 2
                    17   1 1 0 2
                    18   2 5 9 2
                    19   1 5 1 2
                    20   3 2 6 1
                    21   3 6 3 1
                    22   2 6 6 1
                    23   4 2 1 1
                    24   1 5 6 2
                    25   4 1 6 2
                    26   3 6 1 2
                    27   3 1 8 1
                    28   3 1 1 2
                    29   3 2 7 1
                    30   1 6 0 2
                    31   3 4 1 2
                    32   2 2 2 1
                    33   3 3 9 2
                    34   3 8 0 2
                    35   3 5 9 2
                    36   4 8 8 1
                    37   1 3 2 2
                    38   3 5 3 2
                    39   4 7 2 1
                    40   2 7 4 2
                    41   1 6 8 1
                    42   4 7 5 1
                    43   1 4 8 2
                    44   3 1 5 2
                    45   3 4 0 1
                    46   3 2 6 1
                    47   2 4 10 1
                    48   3 1 4 1
                    49   1 2 5 2
                    50   3 8 3 2
                    51   1 8 6 1
                    52   3 6 2 1
                    53   2 4 1 1
                    54   3 5 7 2
                    55   4 3 5 1
                    56   3 8 7 2
                    57   1 2 6 2
                    58   3 7 7 2
                    59   4 6 3 2
                    60   4 8 8 2
                    61   2 8 1 1
                    62   4 3 10 1
                    63   3 7 2 2
                    64   2 2 6 1
                    65   3 2 8 2
                    66   1 5 6 1
                    67   2 1 4 2
                    68   4 1 3 1
                    69   1 1 10 2
                    70   3 5 4 2
                    71   4 2 4 1
                    72   4 4 8 1
                    73   2 3 8 1
                    74   3 5 4 2
                    75   4 6 10 1
                    76   3 8 5 1
                    77   2 5 3 1
                    78   2 8 5 1
                    79   4 6 5 1
                    80   1 2 6 2
                    81   4 7 1 2
                    82   4 3 9 2
                    83   4 4 7 1
                    84   1 1 4 2
                    85   4 8 9 1
                    86   3 5 9 2
                    87   1 5 4 2
                    88   1 5 1 2
                    89   2 4 7 1
                    90   3 7 0 1;
param nombreMachine := 5;
param capaciteRessource : 1 2 3 4 :=
                    1     6 11 13 8
                    2     6 14 18 8
                    3     6 14 18 8
                    4     8 16 13 4
                    5     8 14 16 4
end;

