data;
param nombreTypeRessource := 4;
param nombreJob := 90;
param job duree := 1 6 2 10 3 1 4 4 5 6 6 9 7 7 8 2 9 4 10 1 11 9 12 4 13 8 14 3 15 5 16 5 17 7 18 8 19 1 20 9 21 9 22 4 23 10 24 10 25 1 26 5 27 1 28 10 29 3 30 2 31 6 32 8 33 3 34 5 35 7 36 5 37 2 38 7 39 7 40 7 41 4 42 8 43 3 44 3 45 5 46 10 47 2 48 4 49 6 50 6 51 7 52 7 53 8 54 10 55 2 56 7 57 6 58 5 59 7 60 8 61 6 62 10 63 9 64 1 65 6 66 9 67 8 68 3 69 7 70 3 71 9 72 1 73 4 74 9 75 8 76 8 77 10 78 8 79 1 80 6 81 5 82 2 83 2 84 5 85 7 86 8 87 6 88 9 89 8 90 10;
param besoinRessource : 1 2 3 4 :=
                    1   2 8 9 2
                    2   1 5 5 1
                    3   4 6 0 2
                    4   1 1 2 2
                    5   3 1 2 2
                    6   1 2 8 1
                    7   2 7 5 1
                    8   2 1 1 2
                    9   2 2 8 1
                    10   1 7 9 2
                    11   4 7 2 1
                    12   2 2 6 2
                    13   4 8 2 1
                    14   3 2 3 1
                    15   3 8 6 1
                    16   2 8 6 1
                    17   4 6 4 2
                    18   4 1 5 2
                    19   1 6 3 1
                    20   4 4 2 2
                    21   4 7 3 2
                    22   1 6 1 1
                    23   1 2 1 2
                    24   1 3 1 1
                    25   4 5 1 2
                    26   3 7 5 2
                    27   3 3 5 2
                    28   4 2 4 1
                    29   3 3 10 1
                    30   3 7 7 1
                    31   2 6 9 1
                    32   4 7 5 1
                    33   1 2 7 1
                    34   3 4 2 2
                    35   3 6 10 1
                    36   1 1 4 2
                    37   3 3 1 1
                    38   3 3 10 1
                    39   1 2 7 1
                    40   2 7 5 2
                    41   1 5 5 1
                    42   4 2 0 1
                    43   3 8 5 1
                    44   4 8 6 1
                    45   4 2 10 1
                    46   1 5 8 2
                    47   1 2 4 1
                    48   2 3 4 2
                    49   1 4 2 2
                    50   1 1 5 1
                    51   2 4 1 1
                    52   4 8 3 1
                    53   4 8 8 2
                    54   2 8 1 1
                    55   3 5 6 1
                    56   2 7 6 1
                    57   4 7 5 1
                    58   3 7 2 1
                    59   1 2 3 2
                    60   1 7 5 1
                    61   4 3 6 1
                    62   1 4 0 1
                    63   4 1 2 1
                    64   1 3 0 2
                    65   4 4 3 1
                    66   3 1 6 1
                    67   1 5 8 2
                    68   2 1 4 2
                    69   4 4 10 2
                    70   4 2 1 1
                    71   3 7 10 2
                    72   3 4 10 1
                    73   4 3 10 1
                    74   3 7 4 1
                    75   3 7 7 2
                    76   4 5 6 1
                    77   3 5 10 1
                    78   1 7 1 2
                    79   2 4 4 2
                    80   3 5 0 1
                    81   3 1 7 1
                    82   3 5 5 1
                    83   4 5 3 1
                    84   1 3 4 2
                    85   2 6 9 1
                    86   3 4 1 2
                    87   3 5 9 1
                    88   1 3 3 1
                    89   2 2 1 1
                    90   1 8 6 1;
param nombreMachine := 5;
param capaciteRessource : 1 2 3 4 :=
                    1     6 16 13 8
                    2     8 14 18 7
                    3     7 16 18 6
                    4     6 15 14 4
                    5     7 13 20 5
end;

