data;
param nombreTypeRessource := 4;
param nombreJob := 90;
param job duree := 1 1 2 1 3 4 4 5 5 3 6 4 7 3 8 10 9 5 10 8 11 7 12 10 13 5 14 2 15 6 16 3 17 3 18 4 19 2 20 10 21 7 22 8 23 4 24 9 25 9 26 4 27 4 28 9 29 7 30 4 31 3 32 3 33 7 34 4 35 5 36 9 37 3 38 8 39 9 40 10 41 4 42 6 43 9 44 9 45 6 46 1 47 7 48 5 49 3 50 10 51 7 52 9 53 6 54 1 55 5 56 2 57 10 58 8 59 3 60 9 61 5 62 10 63 9 64 3 65 5 66 7 67 2 68 1 69 7 70 10 71 7 72 2 73 6 74 6 75 5 76 3 77 3 78 7 79 2 80 5 81 10 82 4 83 4 84 8 85 6 86 5 87 4 88 1 89 5 90 2;
param besoinRessource : 1 2 3 4 :=
                    1   2 2 5 1
                    2   2 3 10 2
                    3   2 2 2 2
                    4   2 2 9 1
                    5   4 8 0 2
                    6   3 6 6 2
                    7   3 2 7 1
                    8   1 8 10 2
                    9   1 2 6 1
                    10   1 5 1 1
                    11   4 6 5 1
                    12   2 3 1 1
                    13   4 4 9 1
                    14   3 6 7 1
                    15   2 8 9 1
                    16   3 4 1 1
                    17   1 4 7 1
                    18   2 4 7 1
                    19   3 2 10 1
                    20   3 5 6 2
                    21   1 8 10 2
                    22   3 1 1 1
                    23   1 6 4 1
                    24   4 4 6 2
                    25   2 3 5 1
                    26   2 5 9 1
                    27   1 1 4 2
                    28   4 5 8 2
                    29   1 2 3 1
                    30   2 3 5 2
                    31   4 7 8 2
                    32   4 8 1 2
                    33   3 5 4 1
                    34   1 1 8 2
                    35   1 3 5 2
                    36   3 5 5 1
                    37   2 5 7 1
                    38   4 3 1 1
                    39   4 8 7 2
                    40   3 2 3 1
                    41   1 1 6 1
                    42   3 2 10 2
                    43   3 5 5 1
                    44   3 5 2 1
                    45   3 7 4 1
                    46   1 2 8 1
                    47   1 3 1 2
                    48   1 1 2 1
                    49   2 4 8 1
                    50   2 3 4 2
                    51   1 4 4 2
                    52   2 3 3 2
                    53   1 8 5 2
                    54   2 5 8 2
                    55   3 5 3 2
                    56   2 1 3 1
                    57   2 8 5 2
                    58   4 6 9 2
                    59   3 6 4 1
                    60   1 5 1 2
                    61   1 1 9 1
                    62   3 2 2 2
                    63   4 5 5 1
                    64   1 8 7 1
                    65   4 8 7 1
                    66   4 5 0 1
                    67   1 7 10 1
                    68   2 8 8 1
                    69   4 2 8 2
                    70   4 5 0 1
                    71   1 1 9 1
                    72   1 2 6 2
                    73   2 2 4 1
                    74   1 2 8 2
                    75   2 3 9 1
                    76   4 2 0 1
                    77   1 6 6 2
                    78   2 2 6 1
                    79   2 6 8 1
                    80   4 7 5 2
                    81   2 1 2 1
                    82   3 4 6 2
                    83   2 7 0 2
                    84   4 5 8 1
                    85   2 3 3 1
                    86   2 6 7 2
                    87   3 1 3 1
                    88   4 4 8 2
                    89   4 5 4 1
                    90   3 6 8 1;
param nombreMachine := 5;
param capaciteRessource : 1 2 3 4 :=
                    1     7 14 15 7
                    2     6 12 19 6
                    3     6 12 19 8
                    4     6 14 18 7
                    5     8 14 12 4
end;

