data;
param nombreTypeRessource := 4;
param nombreJob := 90;
param job duree := 1 6 2 3 3 3 4 3 5 2 6 9 7 3 8 6 9 5 10 9 11 7 12 1 13 9 14 6 15 10 16 10 17 9 18 9 19 5 20 5 21 10 22 1 23 10 24 3 25 7 26 5 27 6 28 6 29 6 30 2 31 5 32 3 33 8 34 4 35 5 36 2 37 4 38 2 39 7 40 8 41 3 42 9 43 4 44 1 45 2 46 4 47 8 48 10 49 4 50 1 51 6 52 4 53 7 54 2 55 4 56 7 57 3 58 7 59 3 60 6 61 8 62 10 63 4 64 7 65 1 66 9 67 6 68 9 69 1 70 3 71 8 72 2 73 7 74 7 75 8 76 2 77 4 78 7 79 1 80 1 81 9 82 8 83 3 84 3 85 2 86 6 87 1 88 5 89 9 90 5;
param besoinRessource : 1 2 3 4 :=
                    1   3 8 10 2
                    2   1 5 4 2
                    3   4 2 5 2
                    4   3 3 1 1
                    5   2 3 7 1
                    6   4 2 6 1
                    7   2 4 4 2
                    8   1 6 6 1
                    9   4 4 0 2
                    10   1 6 3 1
                    11   4 5 6 2
                    12   3 8 3 2
                    13   2 4 1 2
                    14   2 6 5 1
                    15   3 3 4 2
                    16   2 4 3 1
                    17   2 5 5 2
                    18   2 6 6 2
                    19   1 8 4 1
                    20   2 8 8 1
                    21   4 6 3 2
                    22   3 3 6 2
                    23   4 4 0 2
                    24   4 5 4 2
                    25   2 5 6 1
                    26   2 4 4 1
                    27   4 7 5 2
                    28   3 8 6 1
                    29   3 1 2 2
                    30   2 4 0 2
                    31   2 8 1 2
                    32   2 3 10 1
                    33   2 1 5 2
                    34   4 3 10 1
                    35   4 4 9 1
                    36   3 6 8 1
                    37   4 8 1 2
                    38   3 3 9 1
                    39   1 3 9 2
                    40   4 7 2 1
                    41   1 1 3 1
                    42   3 5 9 2
                    43   4 4 0 1
                    44   2 8 1 1
                    45   4 8 10 1
                    46   4 1 8 1
                    47   1 3 0 2
                    48   2 4 6 1
                    49   4 5 1 2
                    50   3 7 9 1
                    51   4 1 9 2
                    52   2 3 8 1
                    53   3 2 3 1
                    54   4 8 5 2
                    55   2 2 1 1
                    56   2 8 1 2
                    57   1 3 8 2
                    58   1 5 10 1
                    59   2 7 1 1
                    60   3 5 10 1
                    61   3 5 6 1
                    62   4 6 3 2
                    63   1 5 6 1
                    64   4 8 10 1
                    65   4 5 2 2
                    66   2 7 8 1
                    67   4 3 9 1
                    68   2 7 2 2
                    69   4 3 2 1
                    70   3 4 2 2
                    71   2 1 5 2
                    72   4 6 1 2
                    73   1 5 5 1
                    74   4 1 2 2
                    75   2 6 6 1
                    76   2 1 5 1
                    77   4 6 3 1
                    78   4 8 0 1
                    79   1 8 3 2
                    80   3 5 5 1
                    81   3 1 3 2
                    82   4 6 5 1
                    83   3 2 4 2
                    84   4 7 6 1
                    85   4 5 5 2
                    86   1 1 1 1
                    87   1 7 7 1
                    88   2 4 8 2
                    89   2 2 9 1
                    90   3 2 1 1;
param nombreMachine := 5;
param capaciteRessource : 1 2 3 4 :=
                    1     6 12 13 5
                    2     6 16 12 4
                    3     8 11 15 6
                    4     8 12 14 4
                    5     6 15 15 6
end;

