data;
param nombreTypeRessource := 4;
param nombreJob := 90;
param job duree := 1 9 2 3 3 4 4 2 5 1 6 6 7 8 8 3 9 7 10 8 11 9 12 4 13 4 14 10 15 10 16 10 17 9 18 4 19 5 20 4 21 8 22 1 23 3 24 8 25 9 26 6 27 7 28 1 29 2 30 8 31 2 32 5 33 7 34 9 35 1 36 2 37 4 38 9 39 3 40 4 41 8 42 2 43 9 44 1 45 9 46 5 47 2 48 8 49 3 50 5 51 6 52 5 53 6 54 3 55 2 56 6 57 4 58 3 59 4 60 9 61 2 62 10 63 8 64 8 65 9 66 6 67 7 68 2 69 7 70 10 71 6 72 2 73 10 74 7 75 3 76 3 77 9 78 8 79 2 80 4 81 7 82 3 83 8 84 5 85 1 86 4 87 9 88 8 89 5 90 3;
param besoinRessource : 1 2 3 4 :=
                    1   2 4 0 2
                    2   3 6 4 2
                    3   1 3 9 2
                    4   3 4 7 1
                    5   4 3 0 1
                    6   1 6 1 2
                    7   4 3 1 1
                    8   4 2 10 2
                    9   1 7 8 1
                    10   2 4 4 1
                    11   3 4 3 2
                    12   1 8 3 1
                    13   3 1 0 2
                    14   3 3 0 1
                    15   2 4 0 2
                    16   4 7 2 1
                    17   2 8 7 1
                    18   1 6 9 2
                    19   2 3 0 1
                    20   4 8 6 2
                    21   4 3 3 1
                    22   3 7 4 1
                    23   3 4 5 2
                    24   4 2 0 2
                    25   1 1 6 1
                    26   1 2 8 1
                    27   4 4 4 2
                    28   4 8 7 2
                    29   3 4 7 2
                    30   4 2 8 2
                    31   3 1 7 1
                    32   2 1 10 1
                    33   4 4 4 2
                    34   3 4 8 1
                    35   2 2 7 2
                    36   1 3 8 1
                    37   1 2 4 2
                    38   1 7 8 2
                    39   2 3 8 2
                    40   2 2 9 2
                    41   2 1 1 2
                    42   1 3 4 2
                    43   3 7 0 1
                    44   1 5 0 1
                    45   3 4 4 2
                    46   4 2 9 2
                    47   3 5 1 1
                    48   1 6 2 1
                    49   2 6 2 2
                    50   1 7 4 1
                    51   2 6 0 1
                    52   1 1 4 2
                    53   1 2 4 1
                    54   2 1 4 1
                    55   1 2 8 2
                    56   4 1 2 2
                    57   4 4 1 2
                    58   2 7 4 2
                    59   1 5 1 1
                    60   4 6 3 2
                    61   2 6 8 1
                    62   1 5 5 1
                    63   2 1 7 2
                    64   3 5 6 2
                    65   4 4 8 2
                    66   2 5 10 2
                    67   3 2 7 2
                    68   4 8 0 2
                    69   3 4 4 1
                    70   1 1 9 1
                    71   3 2 1 2
                    72   2 1 0 2
                    73   4 3 9 1
                    74   4 2 7 2
                    75   3 2 9 2
                    76   3 8 4 1
                    77   4 6 5 2
                    78   4 4 6 1
                    79   3 1 4 2
                    80   1 1 7 2
                    81   2 1 8 2
                    82   3 8 2 1
                    83   4 6 3 2
                    84   3 1 4 2
                    85   1 8 7 1
                    86   2 3 6 2
                    87   3 6 8 2
                    88   4 5 2 1
                    89   4 3 2 2
                    90   4 3 0 2;
param nombreMachine := 5;
param capaciteRessource : 1 2 3 4 :=
                    1     7 14 12 7
                    2     6 16 12 4
                    3     8 12 16 8
                    4     6 14 16 8
                    5     7 15 15 5
end;

