data;
param nombreTypeRessource := 4;
param nombreJob := 90;
param job duree := 1 10 2 6 3 9 4 4 5 2 6 7 7 6 8 2 9 4 10 10 11 10 12 3 13 4 14 6 15 10 16 2 17 1 18 1 19 9 20 3 21 3 22 5 23 1 24 10 25 10 26 9 27 2 28 8 29 5 30 10 31 8 32 3 33 3 34 5 35 6 36 10 37 9 38 7 39 7 40 5 41 7 42 9 43 4 44 5 45 8 46 1 47 3 48 4 49 6 50 6 51 8 52 5 53 1 54 1 55 9 56 7 57 10 58 2 59 7 60 9 61 6 62 6 63 10 64 1 65 10 66 1 67 1 68 3 69 9 70 6 71 5 72 8 73 1 74 6 75 4 76 3 77 2 78 5 79 4 80 2 81 7 82 7 83 2 84 4 85 4 86 4 87 3 88 9 89 4 90 1;
param besoinRessource : 1 2 3 4 :=
                    1   1 5 8 1
                    2   1 7 2 2
                    3   1 5 9 2
                    4   3 1 2 2
                    5   2 5 5 1
                    6   1 7 4 2
                    7   4 6 1 1
                    8   4 1 4 2
                    9   2 4 8 1
                    10   2 4 3 1
                    11   1 7 3 2
                    12   1 7 1 2
                    13   2 6 4 2
                    14   3 3 6 2
                    15   4 5 9 1
                    16   3 1 10 1
                    17   2 2 7 2
                    18   2 4 9 2
                    19   3 3 4 1
                    20   1 1 1 2
                    21   1 1 2 1
                    22   3 6 9 1
                    23   2 4 1 2
                    24   2 1 0 1
                    25   2 2 0 1
                    26   1 8 8 1
                    27   3 3 9 2
                    28   4 8 9 2
                    29   2 4 8 1
                    30   2 6 5 1
                    31   3 1 6 2
                    32   1 1 7 2
                    33   2 8 0 1
                    34   4 1 4 1
                    35   3 8 5 1
                    36   3 3 6 2
                    37   4 6 4 1
                    38   3 6 5 1
                    39   1 4 5 1
                    40   2 2 9 1
                    41   2 7 0 2
                    42   3 3 10 2
                    43   2 2 3 1
                    44   1 7 10 2
                    45   1 8 4 2
                    46   3 5 8 2
                    47   3 3 7 2
                    48   3 7 1 1
                    49   3 2 5 2
                    50   1 8 8 1
                    51   2 4 0 1
                    52   2 4 9 1
                    53   1 4 9 2
                    54   1 5 7 1
                    55   2 5 1 1
                    56   4 1 3 1
                    57   3 2 9 2
                    58   3 7 6 2
                    59   1 4 6 1
                    60   3 4 1 2
                    61   4 2 6 2
                    62   4 6 1 1
                    63   2 6 8 2
                    64   3 6 3 2
                    65   3 4 6 2
                    66   3 4 1 1
                    67   1 3 0 2
                    68   1 8 10 1
                    69   4 5 10 1
                    70   2 2 7 1
                    71   4 2 5 1
                    72   2 6 5 2
                    73   4 5 10 2
                    74   3 8 0 1
                    75   3 6 6 2
                    76   4 2 7 2
                    77   4 3 10 1
                    78   3 8 9 1
                    79   3 1 8 1
                    80   2 6 9 1
                    81   4 1 7 1
                    82   4 4 10 2
                    83   2 2 10 1
                    84   1 3 7 2
                    85   4 5 8 1
                    86   2 5 5 1
                    87   2 6 3 2
                    88   2 3 2 1
                    89   1 5 4 1
                    90   4 8 0 2;
param nombreMachine := 5;
param capaciteRessource : 1 2 3 4 :=
                    1     7 15 15 4
                    2     7 15 15 8
                    3     8 14 19 8
                    4     8 13 20 7
                    5     7 13 14 7
end;

