data;
param nombreTypeRessource := 4;
param nombreJob := 90;
param job duree := 1 10 2 9 3 8 4 1 5 10 6 10 7 5 8 4 9 10 10 4 11 5 12 8 13 8 14 3 15 1 16 2 17 6 18 5 19 7 20 2 21 6 22 5 23 5 24 9 25 1 26 8 27 9 28 9 29 1 30 10 31 6 32 2 33 3 34 7 35 5 36 8 37 7 38 8 39 8 40 10 41 9 42 3 43 9 44 3 45 8 46 3 47 5 48 7 49 2 50 2 51 3 52 9 53 3 54 10 55 8 56 6 57 6 58 4 59 3 60 5 61 4 62 6 63 2 64 7 65 6 66 1 67 5 68 6 69 6 70 4 71 5 72 1 73 2 74 3 75 8 76 9 77 7 78 1 79 7 80 1 81 6 82 9 83 4 84 2 85 6 86 8 87 9 88 4 89 5 90 2;
param besoinRessource : 1 2 3 4 :=
                    1   1 1 1 1
                    2   1 7 8 1
                    3   1 6 8 2
                    4   4 6 6 2
                    5   2 8 8 1
                    6   4 7 7 1
                    7   1 6 2 1
                    8   1 1 8 2
                    9   1 1 0 1
                    10   4 3 9 2
                    11   1 5 0 2
                    12   1 7 8 2
                    13   1 8 3 2
                    14   2 1 0 1
                    15   4 1 10 2
                    16   4 1 10 2
                    17   3 8 5 1
                    18   2 4 9 2
                    19   3 4 6 2
                    20   1 1 4 2
                    21   4 3 9 2
                    22   2 1 7 1
                    23   4 7 6 1
                    24   4 4 4 2
                    25   1 4 3 2
                    26   1 7 0 1
                    27   4 8 9 1
                    28   1 4 9 1
                    29   2 3 3 1
                    30   2 1 7 1
                    31   1 5 10 2
                    32   3 6 3 1
                    33   4 8 4 2
                    34   3 1 6 2
                    35   2 6 8 2
                    36   3 4 7 1
                    37   3 4 0 2
                    38   3 6 9 2
                    39   2 3 1 1
                    40   4 3 7 1
                    41   4 3 10 2
                    42   4 8 6 2
                    43   1 1 10 1
                    44   1 8 0 1
                    45   4 3 7 2
                    46   1 6 10 2
                    47   2 2 10 2
                    48   3 8 1 1
                    49   3 1 1 1
                    50   3 1 1 1
                    51   1 3 4 2
                    52   3 8 9 1
                    53   2 1 1 2
                    54   1 5 9 2
                    55   1 5 1 1
                    56   4 2 2 1
                    57   3 2 0 1
                    58   4 2 10 2
                    59   3 5 4 1
                    60   3 3 3 2
                    61   2 7 3 2
                    62   2 5 1 2
                    63   1 1 2 1
                    64   2 3 10 1
                    65   1 1 2 2
                    66   4 8 0 2
                    67   1 7 6 1
                    68   2 2 6 2
                    69   1 3 7 2
                    70   4 7 4 1
                    71   4 1 5 1
                    72   3 8 4 1
                    73   4 3 7 1
                    74   2 3 2 1
                    75   3 7 6 2
                    76   2 7 7 1
                    77   2 2 2 2
                    78   4 3 6 1
                    79   4 7 3 1
                    80   4 8 10 2
                    81   2 4 6 2
                    82   1 5 10 2
                    83   1 1 7 1
                    84   2 7 5 1
                    85   1 1 10 1
                    86   4 7 4 2
                    87   4 5 5 1
                    88   3 2 9 1
                    89   3 8 0 2
                    90   1 8 3 1;
param nombreMachine := 5;
param capaciteRessource : 1 2 3 4 :=
                    1     7 11 16 7
                    2     8 16 12 6
                    3     6 13 13 6
                    4     7 16 16 8
                    5     7 11 14 6
end;

