data;
param nombreTypeRessource := 4;
param nombreJob := 90;
param job duree := 1 2 2 8 3 5 4 1 5 3 6 1 7 4 8 5 9 9 10 10 11 4 12 3 13 2 14 6 15 10 16 10 17 1 18 10 19 8 20 5 21 3 22 1 23 10 24 4 25 7 26 3 27 6 28 6 29 4 30 5 31 7 32 6 33 1 34 9 35 6 36 7 37 3 38 7 39 5 40 8 41 9 42 9 43 6 44 1 45 2 46 4 47 3 48 10 49 9 50 8 51 4 52 5 53 8 54 7 55 7 56 1 57 8 58 7 59 7 60 9 61 10 62 3 63 1 64 9 65 2 66 4 67 4 68 4 69 5 70 5 71 1 72 9 73 10 74 6 75 1 76 5 77 5 78 10 79 10 80 7 81 8 82 4 83 8 84 7 85 4 86 3 87 3 88 3 89 4 90 10;
param besoinRessource : 1 2 3 4 :=
                    1   4 5 4 1
                    2   3 4 9 2
                    3   2 8 7 1
                    4   3 2 1 1
                    5   4 8 1 1
                    6   1 8 2 1
                    7   2 8 0 2
                    8   4 6 7 2
                    9   3 1 8 2
                    10   4 5 4 2
                    11   2 6 9 2
                    12   2 6 10 1
                    13   4 3 3 1
                    14   3 5 10 1
                    15   4 7 7 1
                    16   3 8 5 2
                    17   4 1 4 1
                    18   4 6 1 1
                    19   4 1 5 1
                    20   2 6 1 1
                    21   3 5 7 2
                    22   4 7 10 2
                    23   1 6 1 1
                    24   3 3 7 2
                    25   2 3 4 1
                    26   3 8 2 2
                    27   2 2 7 1
                    28   4 8 1 2
                    29   3 6 8 1
                    30   1 2 5 2
                    31   1 3 1 2
                    32   3 8 0 1
                    33   1 1 8 2
                    34   1 2 7 1
                    35   1 5 4 1
                    36   3 6 6 1
                    37   3 1 6 1
                    38   4 6 0 2
                    39   3 7 9 1
                    40   2 8 4 1
                    41   4 5 4 1
                    42   4 6 5 1
                    43   4 8 2 1
                    44   1 5 2 2
                    45   3 4 9 1
                    46   3 6 4 2
                    47   4 3 6 1
                    48   3 4 3 1
                    49   1 7 4 1
                    50   2 4 10 2
                    51   2 3 6 1
                    52   2 8 4 2
                    53   3 2 6 1
                    54   3 1 8 2
                    55   4 8 7 1
                    56   2 1 1 2
                    57   1 7 6 2
                    58   4 7 1 1
                    59   1 6 4 2
                    60   1 1 2 1
                    61   3 8 9 2
                    62   2 7 10 2
                    63   3 2 3 1
                    64   2 2 8 1
                    65   1 3 4 1
                    66   2 3 1 2
                    67   2 1 4 1
                    68   4 1 6 2
                    69   4 5 0 1
                    70   3 3 4 1
                    71   2 1 5 2
                    72   1 2 7 2
                    73   4 5 10 1
                    74   3 8 4 2
                    75   2 3 0 1
                    76   1 4 2 2
                    77   4 8 6 1
                    78   2 1 7 1
                    79   4 3 5 2
                    80   1 5 2 1
                    81   1 6 10 1
                    82   4 7 3 2
                    83   4 1 3 2
                    84   2 1 3 2
                    85   4 3 1 2
                    86   1 8 5 2
                    87   1 8 3 2
                    88   3 3 8 1
                    89   3 7 3 1
                    90   4 5 0 2;
param nombreMachine := 5;
param capaciteRessource : 1 2 3 4 :=
                    1     8 12 14 6
                    2     7 12 12 6
                    3     8 13 18 6
                    4     6 14 12 7
                    5     7 10 18 6
end;

