data;
param nombreTypeRessource := 4;
param nombreJob := 90;
param job duree := 1 6 2 6 3 6 4 7 5 10 6 6 7 2 8 10 9 9 10 9 11 9 12 6 13 3 14 4 15 3 16 9 17 5 18 6 19 7 20 4 21 3 22 5 23 5 24 5 25 8 26 10 27 10 28 6 29 6 30 6 31 2 32 3 33 9 34 8 35 8 36 5 37 6 38 4 39 2 40 4 41 8 42 7 43 7 44 8 45 8 46 5 47 7 48 2 49 3 50 9 51 2 52 7 53 1 54 10 55 6 56 4 57 2 58 9 59 10 60 7 61 1 62 5 63 10 64 6 65 2 66 4 67 10 68 10 69 7 70 9 71 3 72 2 73 7 74 6 75 7 76 4 77 9 78 2 79 2 80 8 81 10 82 7 83 7 84 9 85 6 86 8 87 8 88 7 89 8 90 9;
param besoinRessource : 1 2 3 4 :=
                    1   1 2 0 1
                    2   3 5 9 1
                    3   3 6 10 1
                    4   2 4 8 2
                    5   4 1 4 2
                    6   3 8 9 2
                    7   3 6 7 2
                    8   4 8 6 1
                    9   3 3 4 1
                    10   4 8 5 1
                    11   2 2 8 2
                    12   4 2 8 2
                    13   3 7 5 1
                    14   2 2 3 1
                    15   4 8 10 2
                    16   1 3 9 2
                    17   2 2 5 2
                    18   3 2 0 1
                    19   2 5 4 2
                    20   3 5 1 2
                    21   2 7 1 2
                    22   2 2 4 2
                    23   1 6 6 2
                    24   2 2 6 2
                    25   4 3 2 2
                    26   1 2 2 2
                    27   1 7 4 1
                    28   1 5 1 2
                    29   3 1 5 1
                    30   1 5 6 1
                    31   3 5 10 2
                    32   3 3 2 1
                    33   3 6 0 1
                    34   4 2 3 2
                    35   3 8 6 1
                    36   1 8 1 2
                    37   3 4 7 2
                    38   2 5 8 2
                    39   3 1 0 2
                    40   3 6 10 1
                    41   3 1 6 1
                    42   2 6 4 2
                    43   1 3 4 2
                    44   3 2 3 1
                    45   4 2 3 1
                    46   4 8 1 1
                    47   2 7 7 1
                    48   3 8 7 2
                    49   4 6 2 1
                    50   2 2 10 1
                    51   2 6 0 1
                    52   2 5 4 1
                    53   2 6 4 2
                    54   2 1 8 1
                    55   1 2 9 2
                    56   2 5 7 1
                    57   1 6 1 2
                    58   2 3 10 2
                    59   1 4 3 2
                    60   3 3 3 1
                    61   4 7 2 2
                    62   3 5 5 1
                    63   4 3 5 2
                    64   2 5 9 2
                    65   2 8 0 2
                    66   3 6 8 1
                    67   3 4 5 2
                    68   3 7 2 1
                    69   1 1 1 1
                    70   1 2 6 1
                    71   4 2 10 2
                    72   4 8 0 2
                    73   1 8 4 1
                    74   4 5 3 2
                    75   2 5 5 1
                    76   3 6 3 1
                    77   3 7 0 1
                    78   2 8 5 1
                    79   4 3 1 2
                    80   1 2 8 2
                    81   3 2 6 1
                    82   1 4 0 1
                    83   2 3 0 2
                    84   1 3 3 1
                    85   1 5 8 1
                    86   4 6 0 2
                    87   2 1 2 2
                    88   3 1 10 1
                    89   2 6 0 2
                    90   4 3 0 2;
param nombreMachine := 5;
param capaciteRessource : 1 2 3 4 :=
                    1     7 13 16 8
                    2     6 10 13 5
                    3     8 12 16 5
                    4     8 10 13 8
                    5     7 13 18 8
end;

