data;
param nombreTypeRessource := 4;
param nombreJob := 90;
param job duree := 1 10 2 9 3 3 4 7 5 7 6 6 7 7 8 8 9 10 10 1 11 2 12 2 13 8 14 2 15 7 16 2 17 8 18 5 19 5 20 9 21 3 22 5 23 6 24 6 25 3 26 5 27 5 28 4 29 2 30 10 31 5 32 8 33 2 34 5 35 5 36 8 37 10 38 5 39 10 40 3 41 10 42 4 43 10 44 7 45 10 46 2 47 7 48 5 49 3 50 3 51 10 52 3 53 6 54 8 55 6 56 8 57 2 58 4 59 8 60 3 61 8 62 9 63 3 64 9 65 7 66 7 67 5 68 8 69 5 70 1 71 7 72 2 73 8 74 2 75 1 76 3 77 2 78 4 79 7 80 1 81 3 82 1 83 8 84 2 85 9 86 10 87 9 88 3 89 2 90 3;
param besoinRessource : 1 2 3 4 :=
                    1   3 6 7 2
                    2   4 2 0 2
                    3   4 1 9 1
                    4   1 8 4 1
                    5   4 6 6 1
                    6   4 2 6 2
                    7   4 8 2 2
                    8   2 7 4 1
                    9   1 2 2 2
                    10   2 5 6 1
                    11   1 3 2 2
                    12   4 1 3 2
                    13   2 4 5 2
                    14   1 3 1 1
                    15   2 2 3 1
                    16   4 7 7 2
                    17   4 4 7 2
                    18   2 2 3 1
                    19   2 1 2 2
                    20   4 8 5 1
                    21   3 3 7 1
                    22   3 8 1 2
                    23   1 7 3 1
                    24   4 1 10 1
                    25   2 7 10 1
                    26   1 4 10 2
                    27   1 3 1 1
                    28   4 8 3 2
                    29   1 1 7 1
                    30   1 1 3 1
                    31   4 4 7 2
                    32   2 3 3 2
                    33   3 3 10 2
                    34   2 5 10 1
                    35   1 2 0 2
                    36   4 6 6 2
                    37   3 8 6 2
                    38   1 1 10 1
                    39   2 7 10 2
                    40   1 5 5 2
                    41   2 1 2 2
                    42   3 6 1 1
                    43   1 8 2 2
                    44   1 5 2 1
                    45   1 8 7 1
                    46   2 3 2 2
                    47   3 6 1 1
                    48   1 1 6 1
                    49   2 6 4 1
                    50   1 8 4 2
                    51   1 2 2 1
                    52   3 7 6 2
                    53   1 5 2 2
                    54   3 8 3 1
                    55   3 6 10 1
                    56   4 8 9 1
                    57   2 3 8 1
                    58   2 3 7 1
                    59   2 1 0 2
                    60   1 2 2 1
                    61   4 3 7 2
                    62   4 7 10 1
                    63   1 4 3 2
                    64   2 3 0 1
                    65   1 4 6 1
                    66   2 3 4 2
                    67   1 4 8 2
                    68   2 2 2 1
                    69   3 3 6 1
                    70   2 8 10 1
                    71   2 2 0 2
                    72   3 1 3 2
                    73   1 8 9 2
                    74   1 7 7 1
                    75   4 1 8 2
                    76   2 8 8 1
                    77   4 6 8 1
                    78   2 1 7 2
                    79   1 6 9 1
                    80   1 7 8 1
                    81   4 2 5 2
                    82   4 1 10 2
                    83   2 7 4 1
                    84   2 1 2 1
                    85   1 4 5 2
                    86   3 1 7 1
                    87   3 8 6 1
                    88   4 4 9 2
                    89   1 4 0 2
                    90   2 5 7 2;
param nombreMachine := 5;
param capaciteRessource : 1 2 3 4 :=
                    1     6 13 12 6
                    2     8 14 20 5
                    3     8 12 19 5
                    4     8 13 14 8
                    5     7 16 12 5
end;

