data;
param nombreTypeRessource := 4;
param nombreJob := 90;
param job duree := 1 7 2 3 3 3 4 10 5 7 6 7 7 3 8 9 9 6 10 7 11 7 12 10 13 3 14 8 15 3 16 1 17 1 18 7 19 6 20 7 21 2 22 3 23 9 24 5 25 10 26 4 27 8 28 6 29 7 30 3 31 8 32 3 33 8 34 9 35 4 36 7 37 3 38 1 39 1 40 5 41 4 42 8 43 9 44 2 45 10 46 4 47 7 48 8 49 10 50 6 51 7 52 6 53 8 54 1 55 1 56 7 57 8 58 4 59 10 60 5 61 1 62 5 63 10 64 5 65 3 66 7 67 4 68 10 69 1 70 2 71 9 72 10 73 6 74 2 75 9 76 3 77 10 78 1 79 2 80 6 81 1 82 9 83 6 84 5 85 10 86 6 87 3 88 4 89 2 90 3;
param besoinRessource : 1 2 3 4 :=
                    1   2 2 1 2
                    2   2 6 9 1
                    3   2 4 4 2
                    4   3 7 6 2
                    5   1 1 6 1
                    6   1 6 7 1
                    7   3 5 8 1
                    8   4 7 8 1
                    9   1 7 9 1
                    10   1 5 9 2
                    11   2 3 6 2
                    12   3 6 8 2
                    13   2 3 1 2
                    14   3 7 6 2
                    15   1 5 10 1
                    16   2 2 9 2
                    17   3 6 8 1
                    18   3 6 6 1
                    19   3 3 5 2
                    20   3 5 6 2
                    21   1 1 10 2
                    22   1 6 3 2
                    23   3 8 7 1
                    24   2 2 0 1
                    25   3 7 8 1
                    26   2 1 2 2
                    27   2 1 2 1
                    28   4 8 8 2
                    29   4 1 3 1
                    30   4 2 10 2
                    31   2 1 9 1
                    32   1 7 1 1
                    33   4 2 1 2
                    34   4 6 8 1
                    35   3 7 4 2
                    36   4 8 5 1
                    37   3 4 5 2
                    38   3 4 0 1
                    39   1 6 2 1
                    40   3 6 8 2
                    41   3 6 2 1
                    42   1 8 3 1
                    43   3 4 0 1
                    44   1 7 1 1
                    45   2 4 1 1
                    46   3 4 8 2
                    47   3 7 7 1
                    48   2 2 6 2
                    49   2 7 7 1
                    50   1 6 8 1
                    51   3 7 6 2
                    52   1 8 4 1
                    53   1 3 4 1
                    54   2 7 8 1
                    55   3 2 7 2
                    56   1 4 0 1
                    57   1 6 10 1
                    58   4 5 5 2
                    59   2 2 0 2
                    60   4 3 0 1
                    61   1 2 5 2
                    62   4 5 10 2
                    63   3 3 7 1
                    64   4 5 1 2
                    65   2 5 3 2
                    66   4 5 3 1
                    67   3 5 9 2
                    68   3 8 8 2
                    69   4 3 3 2
                    70   1 6 3 1
                    71   1 1 6 1
                    72   4 7 10 2
                    73   4 4 6 1
                    74   1 3 4 1
                    75   4 6 4 1
                    76   1 7 8 2
                    77   3 1 1 2
                    78   4 4 8 2
                    79   1 5 10 1
                    80   4 6 4 1
                    81   3 7 8 1
                    82   1 4 1 2
                    83   2 3 2 2
                    84   2 2 6 2
                    85   1 2 10 2
                    86   1 7 0 2
                    87   3 2 6 2
                    88   2 6 4 2
                    89   4 1 1 2
                    90   2 2 9 1;
param nombreMachine := 5;
param capaciteRessource : 1 2 3 4 :=
                    1     8 14 18 5
                    2     7 14 17 6
                    3     6 15 18 6
                    4     6 16 16 4
                    5     8 10 14 8
end;

