data;
param nombreTypeRessource := 4;
param nombreJob := 90;
param job duree := 1 7 2 5 3 9 4 6 5 1 6 9 7 1 8 5 9 10 10 3 11 4 12 8 13 6 14 6 15 8 16 1 17 5 18 9 19 5 20 3 21 10 22 2 23 3 24 8 25 9 26 7 27 1 28 9 29 7 30 10 31 5 32 2 33 8 34 6 35 9 36 6 37 9 38 9 39 2 40 1 41 6 42 8 43 5 44 3 45 6 46 1 47 1 48 7 49 9 50 8 51 4 52 7 53 9 54 6 55 2 56 10 57 4 58 2 59 7 60 3 61 1 62 9 63 4 64 6 65 7 66 9 67 3 68 10 69 2 70 8 71 6 72 5 73 5 74 9 75 4 76 1 77 6 78 5 79 8 80 1 81 5 82 1 83 7 84 10 85 7 86 10 87 6 88 4 89 4 90 10;
param besoinRessource : 1 2 3 4 :=
                    1   3 4 0 1
                    2   2 7 10 1
                    3   4 1 3 2
                    4   3 6 3 2
                    5   2 3 10 1
                    6   4 7 10 1
                    7   4 1 2 2
                    8   1 3 3 1
                    9   2 5 6 2
                    10   2 6 1 2
                    11   4 1 6 2
                    12   1 3 2 2
                    13   1 3 6 1
                    14   1 5 10 2
                    15   4 3 3 1
                    16   3 3 2 1
                    17   3 5 2 2
                    18   1 2 6 1
                    19   4 8 10 2
                    20   1 1 4 1
                    21   3 5 3 2
                    22   2 4 10 2
                    23   4 1 6 2
                    24   3 4 6 2
                    25   2 1 5 2
                    26   1 4 1 1
                    27   4 3 1 2
                    28   2 7 0 2
                    29   4 8 2 1
                    30   3 1 2 1
                    31   4 5 10 2
                    32   1 3 2 2
                    33   4 8 6 2
                    34   4 3 10 1
                    35   4 3 1 2
                    36   2 6 7 1
                    37   3 5 5 2
                    38   3 5 2 1
                    39   1 6 10 2
                    40   4 2 5 2
                    41   2 8 6 1
                    42   2 8 0 1
                    43   1 7 1 2
                    44   2 2 3 2
                    45   1 2 6 2
                    46   1 2 8 2
                    47   3 3 8 2
                    48   1 5 10 2
                    49   1 2 10 1
                    50   1 3 7 1
                    51   2 4 5 1
                    52   2 8 10 2
                    53   2 6 6 1
                    54   2 4 1 1
                    55   4 5 4 1
                    56   3 3 0 1
                    57   1 6 9 1
                    58   4 8 0 1
                    59   2 3 4 2
                    60   2 6 4 1
                    61   3 8 1 1
                    62   1 3 2 1
                    63   1 7 9 1
                    64   3 2 8 2
                    65   3 4 5 2
                    66   3 5 10 2
                    67   2 7 8 1
                    68   4 2 7 1
                    69   2 6 10 1
                    70   3 4 1 2
                    71   1 4 6 2
                    72   3 2 0 2
                    73   4 1 2 1
                    74   3 6 1 2
                    75   1 5 9 2
                    76   3 6 9 2
                    77   1 2 8 1
                    78   1 8 9 2
                    79   3 2 1 2
                    80   4 7 8 2
                    81   2 3 9 2
                    82   3 8 3 1
                    83   1 1 2 1
                    84   4 2 10 1
                    85   4 3 9 2
                    86   4 5 8 1
                    87   2 2 9 2
                    88   2 5 5 2
                    89   1 4 2 2
                    90   2 5 10 2;
param nombreMachine := 5;
param capaciteRessource : 1 2 3 4 :=
                    1     7 14 18 8
                    2     6 15 20 4
                    3     8 10 15 8
                    4     6 11 13 6
                    5     7 13 18 7
end;

