data;
param nombreTypeRessource := 4;
param nombreJob := 90;
param job duree := 1 6 2 1 3 7 4 5 5 1 6 6 7 7 8 1 9 10 10 6 11 5 12 1 13 9 14 6 15 4 16 7 17 3 18 3 19 6 20 4 21 5 22 1 23 8 24 3 25 8 26 3 27 3 28 5 29 5 30 9 31 3 32 10 33 9 34 1 35 2 36 9 37 3 38 10 39 8 40 10 41 3 42 8 43 4 44 3 45 9 46 5 47 7 48 1 49 6 50 9 51 8 52 4 53 2 54 5 55 4 56 10 57 1 58 2 59 7 60 9 61 4 62 9 63 8 64 2 65 4 66 10 67 1 68 2 69 9 70 2 71 8 72 5 73 3 74 3 75 9 76 6 77 2 78 2 79 9 80 10 81 10 82 10 83 4 84 4 85 4 86 4 87 10 88 9 89 1 90 6;
param besoinRessource : 1 2 3 4 :=
                    1   2 4 6 1
                    2   1 5 5 1
                    3   3 6 1 1
                    4   4 1 5 1
                    5   4 1 1 2
                    6   1 7 6 1
                    7   4 6 3 2
                    8   1 8 3 2
                    9   1 8 0 2
                    10   4 2 2 1
                    11   4 5 8 1
                    12   4 7 9 1
                    13   1 3 5 1
                    14   1 1 4 1
                    15   4 4 0 1
                    16   3 1 7 2
                    17   1 3 10 2
                    18   3 5 6 2
                    19   2 2 10 2
                    20   1 6 10 1
                    21   4 1 0 2
                    22   4 3 10 2
                    23   2 1 6 2
                    24   4 7 4 1
                    25   4 1 9 1
                    26   4 7 1 1
                    27   4 7 1 2
                    28   3 1 4 1
                    29   3 4 3 1
                    30   3 6 9 2
                    31   1 6 9 2
                    32   4 7 9 2
                    33   4 1 9 2
                    34   3 5 1 1
                    35   1 2 6 1
                    36   3 7 8 2
                    37   4 5 6 1
                    38   2 6 0 2
                    39   3 1 1 1
                    40   1 8 8 2
                    41   3 3 3 2
                    42   1 2 10 1
                    43   4 7 6 2
                    44   2 5 3 1
                    45   4 5 3 2
                    46   4 3 5 1
                    47   4 3 9 1
                    48   4 7 4 2
                    49   3 2 8 2
                    50   3 1 6 2
                    51   3 8 10 2
                    52   2 8 4 1
                    53   3 8 2 2
                    54   2 5 5 1
                    55   4 3 2 2
                    56   2 8 10 1
                    57   1 6 2 1
                    58   4 4 3 2
                    59   2 5 8 2
                    60   2 6 4 1
                    61   1 6 4 2
                    62   1 2 2 2
                    63   1 6 4 2
                    64   3 8 3 2
                    65   4 8 4 2
                    66   4 4 7 1
                    67   2 3 1 2
                    68   3 3 0 2
                    69   4 5 0 1
                    70   2 3 3 1
                    71   1 6 0 2
                    72   1 3 3 1
                    73   4 7 3 1
                    74   2 7 1 2
                    75   1 7 4 2
                    76   3 4 9 1
                    77   2 4 5 1
                    78   1 5 8 1
                    79   3 3 3 1
                    80   2 6 4 1
                    81   2 7 4 2
                    82   3 7 2 1
                    83   1 2 8 1
                    84   4 1 4 2
                    85   1 2 4 1
                    86   2 3 9 1
                    87   3 6 1 2
                    88   1 3 9 1
                    89   2 7 0 1
                    90   2 5 6 2;
param nombreMachine := 5;
param capaciteRessource : 1 2 3 4 :=
                    1     6 12 19 6
                    2     7 16 15 6
                    3     6 14 17 6
                    4     6 16 20 6
                    5     8 16 13 8
end;

