data;
param nombreTypeRessource := 4;
param nombreJob := 90;
param job duree := 1 3 2 8 3 1 4 6 5 3 6 5 7 5 8 6 9 10 10 6 11 10 12 10 13 4 14 6 15 2 16 8 17 7 18 4 19 8 20 7 21 3 22 5 23 3 24 6 25 8 26 6 27 9 28 4 29 9 30 3 31 6 32 4 33 10 34 5 35 10 36 7 37 8 38 2 39 4 40 7 41 7 42 3 43 3 44 6 45 9 46 10 47 4 48 10 49 2 50 6 51 10 52 9 53 2 54 1 55 2 56 4 57 3 58 10 59 1 60 9 61 10 62 3 63 8 64 10 65 7 66 5 67 6 68 6 69 1 70 5 71 1 72 2 73 1 74 3 75 7 76 2 77 3 78 9 79 1 80 1 81 3 82 3 83 1 84 5 85 5 86 10 87 6 88 8 89 5 90 4;
param besoinRessource : 1 2 3 4 :=
                    1   2 7 3 2
                    2   3 3 8 1
                    3   4 1 0 2
                    4   2 5 10 2
                    5   4 1 5 1
                    6   4 1 0 2
                    7   3 3 1 2
                    8   2 2 10 2
                    9   3 3 9 2
                    10   3 6 9 1
                    11   3 3 1 1
                    12   3 7 1 1
                    13   3 5 9 1
                    14   2 4 2 1
                    15   3 6 7 2
                    16   2 8 3 1
                    17   1 8 1 1
                    18   3 7 6 1
                    19   3 1 9 1
                    20   4 6 3 1
                    21   3 7 10 2
                    22   3 1 9 1
                    23   4 5 6 1
                    24   2 7 4 1
                    25   1 1 5 1
                    26   2 7 0 1
                    27   1 7 7 1
                    28   3 7 4 2
                    29   4 8 1 1
                    30   2 6 0 1
                    31   2 7 2 2
                    32   4 5 6 2
                    33   4 2 2 2
                    34   4 5 10 2
                    35   2 6 1 2
                    36   4 7 5 2
                    37   3 2 8 1
                    38   4 6 8 2
                    39   2 3 9 2
                    40   4 4 5 2
                    41   4 5 8 1
                    42   3 7 5 1
                    43   4 4 10 1
                    44   4 5 0 1
                    45   3 2 3 1
                    46   2 6 9 2
                    47   2 2 5 2
                    48   3 3 5 1
                    49   2 1 9 1
                    50   1 6 5 2
                    51   2 7 0 2
                    52   3 4 0 1
                    53   4 6 2 1
                    54   4 4 3 1
                    55   2 6 2 1
                    56   3 4 7 1
                    57   3 6 2 2
                    58   3 3 3 2
                    59   2 7 5 2
                    60   1 2 1 1
                    61   1 7 6 1
                    62   4 8 2 2
                    63   4 6 1 2
                    64   3 1 7 2
                    65   3 5 2 1
                    66   1 7 5 1
                    67   2 6 10 1
                    68   2 7 7 2
                    69   4 7 7 1
                    70   3 8 3 1
                    71   4 4 3 1
                    72   4 5 10 2
                    73   4 4 7 2
                    74   2 7 6 2
                    75   2 6 1 1
                    76   4 4 10 2
                    77   2 1 3 2
                    78   2 3 0 1
                    79   2 3 10 2
                    80   3 3 8 2
                    81   3 5 2 1
                    82   2 4 7 2
                    83   1 1 10 2
                    84   2 5 4 2
                    85   3 1 8 1
                    86   2 3 7 2
                    87   3 4 2 1
                    88   3 1 0 1
                    89   3 6 10 1
                    90   3 5 2 1;
param nombreMachine := 5;
param capaciteRessource : 1 2 3 4 :=
                    1     7 10 15 7
                    2     7 10 16 4
                    3     6 11 17 4
                    4     7 13 13 4
                    5     7 12 12 4
end;

