data;
param nombreTypeRessource := 4;
param nombreJob := 90;
param job duree := 1 6 2 2 3 9 4 3 5 7 6 7 7 8 8 1 9 6 10 3 11 5 12 10 13 7 14 6 15 6 16 2 17 2 18 6 19 1 20 6 21 9 22 3 23 5 24 5 25 1 26 1 27 5 28 9 29 4 30 3 31 4 32 7 33 4 34 1 35 2 36 10 37 9 38 9 39 7 40 7 41 4 42 7 43 7 44 7 45 2 46 10 47 2 48 2 49 10 50 8 51 8 52 2 53 4 54 4 55 5 56 8 57 10 58 1 59 8 60 6 61 7 62 3 63 8 64 5 65 5 66 4 67 10 68 4 69 6 70 7 71 4 72 2 73 4 74 1 75 7 76 3 77 3 78 3 79 7 80 7 81 4 82 3 83 4 84 1 85 4 86 7 87 5 88 10 89 6 90 3;
param besoinRessource : 1 2 3 4 :=
                    1   3 2 0 1
                    2   1 4 8 2
                    3   4 4 9 2
                    4   2 6 3 2
                    5   4 5 1 2
                    6   4 7 8 2
                    7   2 5 2 1
                    8   3 5 0 2
                    9   2 4 6 2
                    10   1 1 7 2
                    11   1 3 10 2
                    12   1 5 0 1
                    13   1 6 6 2
                    14   2 4 6 2
                    15   1 1 3 1
                    16   3 4 7 1
                    17   3 2 7 2
                    18   4 8 3 1
                    19   1 3 6 2
                    20   4 8 10 1
                    21   3 2 4 1
                    22   3 1 6 1
                    23   3 1 2 2
                    24   3 4 8 1
                    25   3 5 2 1
                    26   3 6 1 1
                    27   2 7 1 2
                    28   2 4 5 1
                    29   4 3 8 1
                    30   4 8 4 2
                    31   4 6 1 2
                    32   1 3 7 1
                    33   3 7 6 2
                    34   1 8 9 1
                    35   4 6 6 1
                    36   4 4 1 2
                    37   3 5 4 1
                    38   2 1 3 2
                    39   2 4 9 2
                    40   2 4 5 2
                    41   1 5 1 2
                    42   4 7 3 2
                    43   2 3 9 1
                    44   3 2 1 1
                    45   1 5 8 2
                    46   1 3 2 1
                    47   2 8 7 1
                    48   3 3 5 1
                    49   1 2 10 2
                    50   3 6 10 1
                    51   4 8 4 2
                    52   1 5 10 2
                    53   1 1 0 2
                    54   4 4 10 2
                    55   1 6 1 1
                    56   1 5 7 2
                    57   2 3 8 1
                    58   3 5 6 2
                    59   3 7 10 2
                    60   4 1 3 1
                    61   3 2 4 2
                    62   4 1 8 2
                    63   4 4 1 2
                    64   4 2 5 1
                    65   1 6 0 2
                    66   1 8 1 2
                    67   3 3 1 2
                    68   1 7 7 1
                    69   1 4 1 1
                    70   1 7 3 1
                    71   3 3 3 2
                    72   3 7 5 2
                    73   3 3 2 2
                    74   3 5 3 1
                    75   4 1 8 1
                    76   1 3 0 1
                    77   4 2 0 2
                    78   1 7 3 2
                    79   4 1 8 1
                    80   2 3 5 2
                    81   4 4 10 1
                    82   1 7 5 2
                    83   1 8 0 1
                    84   2 5 5 2
                    85   4 6 2 1
                    86   2 5 4 2
                    87   1 8 5 1
                    88   2 7 10 2
                    89   2 8 3 2
                    90   2 4 0 1;
param nombreMachine := 5;
param capaciteRessource : 1 2 3 4 :=
                    1     6 11 16 5
                    2     6 10 17 6
                    3     8 12 15 5
                    4     6 12 20 4
                    5     6 12 16 7
end;

