data;
param nombreTypeRessource := 4;
param nombreJob := 90;
param job duree := 1 4 2 5 3 4 4 8 5 3 6 4 7 4 8 6 9 1 10 5 11 7 12 3 13 9 14 6 15 4 16 3 17 2 18 5 19 6 20 9 21 9 22 8 23 4 24 4 25 10 26 5 27 1 28 5 29 3 30 4 31 10 32 10 33 2 34 2 35 6 36 7 37 3 38 4 39 4 40 6 41 10 42 9 43 3 44 3 45 5 46 2 47 5 48 7 49 8 50 2 51 4 52 10 53 2 54 4 55 3 56 9 57 10 58 1 59 8 60 2 61 2 62 9 63 6 64 7 65 1 66 10 67 1 68 7 69 3 70 4 71 1 72 6 73 4 74 2 75 6 76 10 77 3 78 7 79 2 80 4 81 6 82 6 83 10 84 9 85 4 86 2 87 10 88 8 89 5 90 4;
param besoinRessource : 1 2 3 4 :=
                    1   2 8 0 1
                    2   4 3 0 1
                    3   2 8 10 2
                    4   3 2 3 2
                    5   3 4 4 1
                    6   2 1 9 2
                    7   4 6 9 2
                    8   2 3 6 2
                    9   1 7 7 1
                    10   3 2 7 1
                    11   1 4 8 1
                    12   4 2 10 1
                    13   1 6 8 1
                    14   3 5 1 2
                    15   4 7 6 2
                    16   2 8 4 1
                    17   2 8 5 2
                    18   3 8 9 1
                    19   4 2 8 2
                    20   3 1 5 2
                    21   2 3 0 1
                    22   2 8 5 1
                    23   2 4 3 1
                    24   1 4 2 1
                    25   1 8 0 1
                    26   4 7 0 2
                    27   2 8 5 1
                    28   3 5 0 1
                    29   1 6 10 2
                    30   4 5 2 2
                    31   4 8 0 1
                    32   1 6 7 1
                    33   1 1 3 2
                    34   4 8 1 2
                    35   4 3 10 1
                    36   4 1 5 1
                    37   1 3 2 2
                    38   3 6 3 1
                    39   3 5 3 2
                    40   3 7 9 1
                    41   1 6 8 1
                    42   2 6 6 1
                    43   1 2 6 2
                    44   1 2 2 1
                    45   4 4 7 1
                    46   1 6 4 1
                    47   1 8 0 1
                    48   4 3 5 1
                    49   2 2 2 1
                    50   2 1 10 2
                    51   3 8 10 2
                    52   3 1 2 2
                    53   1 1 10 2
                    54   1 8 0 2
                    55   4 4 1 2
                    56   4 7 3 2
                    57   3 7 8 1
                    58   4 6 8 2
                    59   3 7 7 2
                    60   3 6 5 2
                    61   1 3 5 1
                    62   4 7 6 1
                    63   4 7 3 1
                    64   3 8 0 1
                    65   3 1 4 2
                    66   2 1 9 1
                    67   2 5 1 2
                    68   2 2 1 1
                    69   4 5 10 2
                    70   1 3 3 2
                    71   4 3 0 1
                    72   1 8 5 1
                    73   4 3 4 1
                    74   4 5 8 1
                    75   3 1 8 2
                    76   1 1 2 1
                    77   3 1 0 2
                    78   4 2 3 1
                    79   3 8 1 1
                    80   3 3 2 2
                    81   4 1 10 2
                    82   3 5 3 2
                    83   2 3 4 2
                    84   1 1 0 1
                    85   1 6 0 1
                    86   1 3 0 1
                    87   1 2 6 2
                    88   3 8 1 2
                    89   1 2 1 2
                    90   3 2 5 2;
param nombreMachine := 5;
param capaciteRessource : 1 2 3 4 :=
                    1     8 14 20 7
                    2     6 10 20 8
                    3     8 16 12 6
                    4     6 10 19 4
                    5     7 12 12 4
end;

