data;
param nombreTypeRessource := 4;
param nombreJob := 90;
param job duree := 1 5 2 5 3 6 4 3 5 1 6 3 7 4 8 1 9 10 10 9 11 6 12 10 13 3 14 10 15 7 16 7 17 8 18 9 19 6 20 1 21 10 22 5 23 6 24 6 25 10 26 10 27 2 28 10 29 10 30 6 31 2 32 6 33 1 34 10 35 10 36 2 37 9 38 6 39 4 40 7 41 10 42 1 43 3 44 3 45 8 46 10 47 1 48 9 49 7 50 5 51 1 52 2 53 5 54 9 55 2 56 7 57 3 58 6 59 4 60 4 61 10 62 4 63 9 64 9 65 9 66 8 67 1 68 7 69 7 70 6 71 9 72 9 73 9 74 5 75 7 76 7 77 10 78 3 79 7 80 5 81 10 82 6 83 5 84 3 85 1 86 4 87 5 88 6 89 3 90 7;
param besoinRessource : 1 2 3 4 :=
                    1   4 4 9 2
                    2   2 4 5 2
                    3   1 3 8 1
                    4   1 1 9 2
                    5   2 5 10 1
                    6   4 3 0 1
                    7   2 7 10 2
                    8   2 8 10 1
                    9   1 4 10 2
                    10   2 5 0 2
                    11   1 3 2 1
                    12   4 8 6 2
                    13   3 1 5 2
                    14   3 6 9 2
                    15   3 3 7 2
                    16   3 2 6 2
                    17   1 1 7 1
                    18   1 6 9 1
                    19   3 8 2 2
                    20   2 6 1 2
                    21   4 5 2 2
                    22   2 5 10 2
                    23   3 3 5 2
                    24   3 3 2 2
                    25   3 7 3 1
                    26   2 1 1 2
                    27   2 1 5 2
                    28   4 4 0 1
                    29   4 8 2 2
                    30   2 6 8 1
                    31   1 7 3 2
                    32   3 8 2 2
                    33   2 2 3 2
                    34   1 6 9 1
                    35   2 8 0 1
                    36   1 8 6 2
                    37   4 3 2 1
                    38   4 6 1 1
                    39   2 7 3 1
                    40   4 4 1 1
                    41   4 1 2 1
                    42   4 2 1 2
                    43   2 7 8 1
                    44   2 7 6 1
                    45   4 8 7 1
                    46   1 1 7 2
                    47   4 4 0 1
                    48   1 7 6 2
                    49   1 1 6 1
                    50   4 5 0 1
                    51   2 5 10 2
                    52   1 8 3 2
                    53   1 4 3 2
                    54   2 6 6 2
                    55   4 7 5 2
                    56   4 1 0 1
                    57   2 3 0 1
                    58   3 4 7 1
                    59   3 5 10 1
                    60   1 5 0 1
                    61   4 8 8 1
                    62   3 5 5 1
                    63   2 5 4 2
                    64   4 4 8 1
                    65   2 2 0 2
                    66   1 6 5 2
                    67   3 5 5 2
                    68   1 8 7 1
                    69   2 3 10 1
                    70   4 2 9 1
                    71   1 4 3 1
                    72   4 7 8 1
                    73   2 3 10 1
                    74   3 6 4 2
                    75   1 5 0 2
                    76   1 2 5 2
                    77   4 8 5 2
                    78   3 4 4 2
                    79   4 5 5 1
                    80   1 2 9 1
                    81   2 2 8 1
                    82   2 6 5 2
                    83   4 7 8 2
                    84   3 1 6 1
                    85   2 8 8 2
                    86   2 6 8 1
                    87   3 2 0 2
                    88   4 8 10 2
                    89   4 7 6 1
                    90   3 3 10 1;
param nombreMachine := 5;
param capaciteRessource : 1 2 3 4 :=
                    1     8 15 14 7
                    2     7 15 12 8
                    3     8 13 18 5
                    4     6 15 19 5
                    5     8 16 14 4
end;

