data;
param nombreTypeRessource := 4;
param nombreJob := 90;
param job duree := 1 10 2 4 3 3 4 6 5 3 6 8 7 2 8 5 9 8 10 7 11 9 12 8 13 8 14 4 15 8 16 2 17 2 18 4 19 5 20 4 21 9 22 7 23 10 24 1 25 3 26 5 27 10 28 1 29 2 30 1 31 2 32 9 33 1 34 4 35 7 36 9 37 3 38 9 39 5 40 6 41 1 42 6 43 7 44 2 45 4 46 8 47 9 48 10 49 5 50 5 51 1 52 6 53 6 54 6 55 1 56 5 57 9 58 6 59 2 60 5 61 2 62 8 63 9 64 4 65 9 66 1 67 5 68 4 69 7 70 5 71 8 72 8 73 1 74 3 75 5 76 9 77 3 78 1 79 2 80 7 81 1 82 6 83 5 84 7 85 9 86 2 87 8 88 9 89 10 90 3;
param besoinRessource : 1 2 3 4 :=
                    1   4 6 3 1
                    2   3 1 10 2
                    3   4 1 2 2
                    4   1 2 10 1
                    5   3 4 3 1
                    6   3 6 2 1
                    7   1 3 8 2
                    8   2 5 1 2
                    9   2 5 9 2
                    10   2 4 4 2
                    11   1 6 4 2
                    12   4 8 8 2
                    13   1 4 10 2
                    14   2 8 0 2
                    15   2 7 10 1
                    16   4 5 8 2
                    17   4 3 9 2
                    18   2 3 2 1
                    19   4 1 6 2
                    20   3 4 10 2
                    21   3 6 8 2
                    22   1 8 1 2
                    23   1 3 4 1
                    24   2 4 4 2
                    25   2 8 6 1
                    26   4 3 0 1
                    27   4 8 0 2
                    28   3 1 1 1
                    29   4 4 0 1
                    30   3 3 9 2
                    31   1 3 2 1
                    32   2 2 2 2
                    33   2 1 10 1
                    34   3 5 10 1
                    35   2 8 0 1
                    36   3 2 7 2
                    37   4 7 4 2
                    38   3 8 3 1
                    39   3 6 5 2
                    40   1 3 9 2
                    41   3 7 8 1
                    42   1 3 7 1
                    43   3 2 1 2
                    44   4 1 0 2
                    45   2 8 8 2
                    46   2 3 2 2
                    47   1 1 4 1
                    48   1 1 4 2
                    49   3 2 7 1
                    50   4 8 10 2
                    51   2 3 0 1
                    52   4 6 2 2
                    53   4 2 9 1
                    54   2 8 8 2
                    55   4 7 3 1
                    56   3 2 8 1
                    57   3 5 1 1
                    58   4 7 5 1
                    59   3 5 1 2
                    60   3 8 0 1
                    61   4 5 8 1
                    62   4 3 2 2
                    63   1 7 4 1
                    64   1 8 10 2
                    65   1 3 1 1
                    66   2 7 9 1
                    67   3 8 10 1
                    68   3 1 2 2
                    69   3 4 7 2
                    70   4 6 0 2
                    71   2 1 2 2
                    72   4 4 4 2
                    73   4 3 4 1
                    74   4 7 8 1
                    75   2 2 9 2
                    76   2 4 2 2
                    77   2 4 2 2
                    78   3 4 8 1
                    79   3 1 5 1
                    80   1 3 1 2
                    81   3 8 0 1
                    82   4 3 3 2
                    83   1 8 3 1
                    84   4 1 8 2
                    85   2 2 4 2
                    86   1 7 4 2
                    87   1 4 9 2
                    88   4 7 3 1
                    89   3 3 4 1
                    90   3 1 6 1;
param nombreMachine := 5;
param capaciteRessource : 1 2 3 4 :=
                    1     8 10 15 4
                    2     7 14 13 8
                    3     8 13 16 8
                    4     8 13 20 8
                    5     6 14 20 5
end;

