data;
param nombreTypeRessource := 4;
param nombreJob := 70;
param job duree := 1 6 2 6 3 9 4 2 5 2 6 3 7 3 8 7 9 4 10 1 11 9 12 10 13 8 14 6 15 5 16 5 17 5 18 6 19 6 20 8 21 2 22 10 23 7 24 4 25 9 26 1 27 3 28 8 29 8 30 7 31 6 32 2 33 9 34 4 35 7 36 7 37 3 38 1 39 10 40 4 41 4 42 4 43 1 44 7 45 8 46 9 47 3 48 3 49 2 50 7 51 7 52 8 53 10 54 8 55 3 56 4 57 2 58 6 59 4 60 8 61 6 62 2 63 5 64 10 65 1 66 5 67 1 68 6 69 7 70 6;
param besoinRessource : 1 2 3 4 :=
                    1   4 3 6 1
                    2   3 5 3 2
                    3   4 1 3 1
                    4   1 5 3 1
                    5   3 1 5 2
                    6   3 1 1 1
                    7   3 5 6 1
                    8   3 3 9 2
                    9   1 4 3 2
                    10   1 4 3 2
                    11   1 3 5 2
                    12   3 8 8 2
                    13   4 1 9 2
                    14   1 6 4 1
                    15   2 5 10 2
                    16   2 5 10 1
                    17   1 2 4 1
                    18   3 7 2 2
                    19   4 3 10 2
                    20   2 8 3 1
                    21   2 6 10 1
                    22   3 6 0 1
                    23   4 3 2 1
                    24   4 6 10 1
                    25   4 2 10 1
                    26   3 6 4 1
                    27   2 2 9 1
                    28   1 3 7 2
                    29   2 7 3 2
                    30   2 2 7 2
                    31   3 8 3 2
                    32   4 3 9 2
                    33   2 4 3 2
                    34   2 5 5 1
                    35   1 8 10 2
                    36   4 4 2 2
                    37   4 4 8 1
                    38   2 5 2 2
                    39   2 6 4 2
                    40   4 6 1 1
                    41   4 6 9 2
                    42   3 6 9 2
                    43   4 4 8 2
                    44   2 3 5 2
                    45   1 4 10 1
                    46   4 5 4 2
                    47   1 5 1 1
                    48   1 5 0 1
                    49   1 3 9 2
                    50   4 2 3 2
                    51   3 7 7 1
                    52   2 4 2 1
                    53   4 2 3 1
                    54   2 1 1 1
                    55   2 6 8 1
                    56   1 6 5 2
                    57   1 6 8 2
                    58   2 2 8 2
                    59   2 8 6 1
                    60   4 7 0 2
                    61   2 4 3 2
                    62   4 5 8 1
                    63   2 7 7 2
                    64   1 2 5 2
                    65   3 6 1 1
                    66   3 7 6 2
                    67   2 6 2 1
                    68   4 7 5 1
                    69   2 3 10 1
                    70   3 1 10 2;
param nombreMachine := 5;
param capaciteRessource : 1 2 3 4 :=
                    1     7 12 19 8
                    2     7 11 19 7
                    3     6 12 15 8
                    4     7 10 17 5
                    5     8 10 18 7
end;

