data;
param nombreTypeRessource := 4;
param nombreJob := 70;
param job duree := 1 1 2 4 3 2 4 8 5 5 6 6 7 5 8 10 9 5 10 9 11 3 12 7 13 6 14 3 15 7 16 7 17 10 18 5 19 5 20 1 21 7 22 8 23 10 24 3 25 4 26 4 27 10 28 5 29 9 30 3 31 5 32 9 33 3 34 6 35 2 36 8 37 5 38 10 39 10 40 7 41 6 42 4 43 9 44 1 45 4 46 9 47 5 48 6 49 3 50 3 51 5 52 5 53 5 54 3 55 6 56 10 57 7 58 4 59 8 60 3 61 10 62 4 63 3 64 1 65 10 66 5 67 9 68 10 69 5 70 9;
param besoinRessource : 1 2 3 4 :=
                    1   1 6 5 1
                    2   3 5 5 1
                    3   4 1 1 2
                    4   3 2 6 1
                    5   1 7 4 1
                    6   4 8 5 2
                    7   1 5 4 2
                    8   1 6 3 1
                    9   2 3 7 2
                    10   4 2 5 2
                    11   4 8 9 1
                    12   1 8 10 2
                    13   4 6 2 1
                    14   2 5 5 1
                    15   4 8 8 1
                    16   2 4 5 2
                    17   1 7 3 2
                    18   3 7 9 2
                    19   1 6 10 1
                    20   2 3 8 2
                    21   3 8 7 2
                    22   3 5 6 2
                    23   3 4 8 1
                    24   1 7 8 1
                    25   1 4 2 1
                    26   4 5 2 1
                    27   1 5 5 1
                    28   1 8 9 2
                    29   3 4 1 2
                    30   3 3 10 1
                    31   1 7 6 2
                    32   2 2 7 1
                    33   1 4 2 1
                    34   2 7 5 2
                    35   3 2 9 1
                    36   3 3 2 2
                    37   2 3 1 2
                    38   3 4 3 2
                    39   3 6 9 1
                    40   4 6 10 2
                    41   3 1 10 2
                    42   3 7 10 1
                    43   1 7 0 2
                    44   2 7 0 2
                    45   3 3 10 2
                    46   3 1 2 2
                    47   3 2 5 1
                    48   3 3 2 1
                    49   3 8 2 1
                    50   4 2 6 2
                    51   2 6 0 1
                    52   1 3 3 1
                    53   1 8 2 1
                    54   2 2 4 2
                    55   1 1 4 2
                    56   1 2 1 1
                    57   1 6 4 1
                    58   3 2 5 2
                    59   1 6 8 2
                    60   4 5 4 2
                    61   4 1 4 2
                    62   4 7 9 2
                    63   4 4 0 1
                    64   2 3 6 2
                    65   1 4 9 1
                    66   2 2 6 2
                    67   4 7 3 2
                    68   1 6 2 2
                    69   3 5 9 1
                    70   2 1 1 2;
param nombreMachine := 5;
param capaciteRessource : 1 2 3 4 :=
                    1     8 14 15 5
                    2     6 11 20 4
                    3     7 12 15 5
                    4     8 13 15 6
                    5     7 10 13 8
end;

