data;
param nombreTypeRessource := 4;
param nombreJob := 70;
param job duree := 1 2 2 1 3 8 4 8 5 3 6 5 7 1 8 9 9 6 10 5 11 10 12 9 13 8 14 1 15 5 16 10 17 8 18 4 19 2 20 5 21 3 22 6 23 3 24 3 25 10 26 1 27 4 28 9 29 2 30 3 31 6 32 5 33 4 34 2 35 8 36 10 37 6 38 7 39 9 40 3 41 8 42 10 43 5 44 6 45 10 46 3 47 9 48 1 49 2 50 6 51 7 52 5 53 8 54 3 55 5 56 10 57 10 58 8 59 3 60 1 61 1 62 8 63 5 64 8 65 6 66 5 67 6 68 10 69 1 70 1;
param besoinRessource : 1 2 3 4 :=
                    1   3 5 1 2
                    2   2 3 3 1
                    3   3 8 8 1
                    4   3 8 10 2
                    5   2 4 7 1
                    6   3 1 6 1
                    7   3 2 4 2
                    8   1 2 7 1
                    9   4 5 4 2
                    10   1 3 2 1
                    11   3 4 4 2
                    12   4 1 10 2
                    13   3 4 7 2
                    14   1 8 6 1
                    15   3 6 2 2
                    16   2 4 0 1
                    17   4 4 3 2
                    18   2 8 9 1
                    19   4 8 7 1
                    20   3 8 0 2
                    21   3 1 7 1
                    22   4 2 7 2
                    23   4 1 5 2
                    24   2 1 2 1
                    25   1 3 5 1
                    26   3 5 0 1
                    27   1 2 8 1
                    28   4 2 6 1
                    29   1 4 1 2
                    30   3 4 7 2
                    31   4 8 3 1
                    32   4 3 3 2
                    33   2 2 7 1
                    34   3 8 7 2
                    35   1 1 10 2
                    36   1 3 4 2
                    37   2 8 7 2
                    38   1 8 10 1
                    39   2 7 4 2
                    40   2 5 9 2
                    41   2 5 2 2
                    42   1 6 5 2
                    43   3 5 5 1
                    44   1 1 5 1
                    45   4 2 9 2
                    46   1 3 6 2
                    47   3 7 7 1
                    48   4 2 0 2
                    49   3 5 6 2
                    50   1 1 4 2
                    51   3 1 2 1
                    52   1 5 0 2
                    53   3 1 4 1
                    54   3 7 1 2
                    55   2 2 0 1
                    56   2 8 5 2
                    57   1 6 10 1
                    58   1 3 7 2
                    59   3 5 8 2
                    60   1 2 0 1
                    61   1 1 0 2
                    62   2 3 6 2
                    63   1 2 6 1
                    64   4 1 4 1
                    65   1 2 2 1
                    66   3 7 5 1
                    67   4 7 7 1
                    68   2 1 10 2
                    69   2 1 5 2
                    70   3 5 10 1;
param nombreMachine := 5;
param capaciteRessource : 1 2 3 4 :=
                    1     7 11 15 5
                    2     8 13 18 7
                    3     7 15 13 4
                    4     8 13 14 8
                    5     6 15 19 4
end;

