data;
param nombreTypeRessource := 4;
param nombreJob := 70;
param job duree := 1 8 2 6 3 9 4 5 5 7 6 9 7 4 8 4 9 6 10 9 11 7 12 8 13 4 14 2 15 10 16 8 17 4 18 1 19 5 20 9 21 1 22 6 23 1 24 1 25 9 26 1 27 5 28 4 29 8 30 2 31 4 32 7 33 7 34 1 35 9 36 1 37 6 38 6 39 3 40 6 41 10 42 1 43 5 44 9 45 10 46 5 47 5 48 5 49 5 50 8 51 6 52 7 53 6 54 4 55 5 56 10 57 8 58 5 59 7 60 10 61 6 62 6 63 1 64 3 65 3 66 8 67 5 68 9 69 3 70 1;
param besoinRessource : 1 2 3 4 :=
                    1   1 3 9 2
                    2   3 5 6 2
                    3   3 1 3 2
                    4   1 3 7 1
                    5   4 4 5 1
                    6   1 6 8 1
                    7   2 7 1 2
                    8   4 1 1 1
                    9   4 5 10 2
                    10   4 8 6 1
                    11   4 5 6 2
                    12   1 5 1 1
                    13   1 3 3 1
                    14   3 6 0 1
                    15   1 5 10 1
                    16   3 5 3 1
                    17   2 1 8 2
                    18   2 1 5 2
                    19   2 8 1 2
                    20   2 8 8 1
                    21   2 6 9 2
                    22   2 7 5 1
                    23   3 4 9 2
                    24   3 4 0 2
                    25   4 5 10 1
                    26   1 4 5 1
                    27   1 6 9 2
                    28   4 4 2 2
                    29   3 4 8 2
                    30   1 8 4 1
                    31   1 3 7 1
                    32   3 1 7 2
                    33   3 4 8 1
                    34   2 8 10 1
                    35   1 6 5 2
                    36   2 5 7 1
                    37   2 6 7 2
                    38   1 1 6 1
                    39   4 7 10 2
                    40   3 1 1 1
                    41   2 7 4 2
                    42   1 8 3 2
                    43   1 2 0 1
                    44   2 3 2 2
                    45   1 8 0 1
                    46   1 8 2 1
                    47   3 6 4 1
                    48   3 4 2 2
                    49   1 8 3 2
                    50   3 7 4 1
                    51   1 7 0 2
                    52   2 8 10 2
                    53   2 3 2 2
                    54   4 7 0 2
                    55   2 8 9 1
                    56   3 7 3 1
                    57   3 5 3 1
                    58   2 7 4 2
                    59   3 6 9 1
                    60   1 5 5 2
                    61   3 2 3 1
                    62   2 8 0 2
                    63   3 4 10 2
                    64   2 4 0 2
                    65   4 2 10 2
                    66   1 5 9 2
                    67   2 6 3 1
                    68   4 3 3 2
                    69   4 7 2 1
                    70   4 5 10 1;
param nombreMachine := 5;
param capaciteRessource : 1 2 3 4 :=
                    1     6 15 17 5
                    2     7 10 12 4
                    3     8 13 19 7
                    4     6 14 17 6
                    5     6 13 12 8
end;

