data;
param nombreTypeRessource := 4;
param nombreJob := 70;
param job duree := 1 8 2 2 3 3 4 8 5 8 6 7 7 10 8 5 9 10 10 5 11 2 12 7 13 8 14 10 15 8 16 8 17 4 18 10 19 7 20 5 21 4 22 1 23 10 24 4 25 5 26 8 27 8 28 10 29 6 30 1 31 2 32 2 33 5 34 7 35 3 36 9 37 3 38 7 39 1 40 7 41 6 42 4 43 5 44 8 45 6 46 3 47 3 48 9 49 9 50 8 51 5 52 7 53 7 54 4 55 5 56 1 57 9 58 7 59 1 60 1 61 7 62 3 63 5 64 3 65 3 66 3 67 10 68 5 69 6 70 8;
param besoinRessource : 1 2 3 4 :=
                    1   2 2 2 2
                    2   3 8 0 2
                    3   1 8 10 1
                    4   1 6 1 2
                    5   3 3 5 2
                    6   2 3 7 2
                    7   3 5 5 2
                    8   1 1 7 2
                    9   2 1 0 1
                    10   3 5 0 1
                    11   2 7 9 1
                    12   4 3 9 1
                    13   3 3 5 2
                    14   1 5 1 2
                    15   4 5 6 1
                    16   3 8 8 2
                    17   1 1 5 1
                    18   1 1 1 2
                    19   1 3 2 1
                    20   3 4 3 1
                    21   4 3 0 1
                    22   3 7 1 1
                    23   4 4 8 2
                    24   3 6 5 2
                    25   2 1 7 1
                    26   4 3 1 1
                    27   3 3 7 1
                    28   1 3 10 2
                    29   3 1 9 2
                    30   3 7 7 1
                    31   4 6 8 2
                    32   3 4 7 1
                    33   2 5 7 1
                    34   1 6 1 2
                    35   3 1 10 1
                    36   3 6 6 2
                    37   3 8 10 1
                    38   1 7 8 1
                    39   4 3 9 2
                    40   3 8 10 1
                    41   1 3 10 2
                    42   3 3 10 2
                    43   3 7 7 2
                    44   3 8 1 1
                    45   3 3 5 1
                    46   2 5 2 1
                    47   2 6 0 1
                    48   1 6 6 2
                    49   3 2 5 1
                    50   1 1 4 2
                    51   2 1 1 1
                    52   1 6 5 2
                    53   3 6 6 1
                    54   3 2 0 1
                    55   1 4 0 2
                    56   2 8 4 1
                    57   4 1 5 1
                    58   3 7 6 1
                    59   1 5 7 2
                    60   4 5 10 2
                    61   1 1 4 2
                    62   2 8 3 2
                    63   1 8 3 1
                    64   2 2 10 2
                    65   1 1 0 1
                    66   2 8 10 2
                    67   1 4 8 2
                    68   4 8 6 2
                    69   3 5 7 2
                    70   3 5 2 2;
param nombreMachine := 5;
param capaciteRessource : 1 2 3 4 :=
                    1     8 12 12 5
                    2     7 16 14 7
                    3     6 11 16 7
                    4     6 11 13 7
                    5     8 13 19 4
end;

