data;
param nombreTypeRessource := 4;
param nombreJob := 70;
param job duree := 1 9 2 5 3 8 4 8 5 3 6 7 7 6 8 8 9 10 10 5 11 1 12 7 13 1 14 10 15 8 16 2 17 1 18 6 19 9 20 8 21 2 22 3 23 1 24 7 25 6 26 4 27 7 28 5 29 5 30 6 31 6 32 7 33 7 34 2 35 3 36 5 37 5 38 3 39 8 40 7 41 6 42 7 43 6 44 7 45 10 46 4 47 9 48 7 49 6 50 10 51 8 52 6 53 8 54 8 55 1 56 9 57 4 58 8 59 3 60 3 61 1 62 4 63 9 64 7 65 2 66 10 67 4 68 6 69 4 70 7;
param besoinRessource : 1 2 3 4 :=
                    1   4 6 5 2
                    2   1 8 3 2
                    3   2 7 6 1
                    4   2 1 4 2
                    5   3 3 1 2
                    6   4 3 9 2
                    7   4 3 4 2
                    8   2 4 7 1
                    9   1 2 4 2
                    10   1 3 6 1
                    11   3 2 6 1
                    12   1 2 9 2
                    13   2 7 5 1
                    14   2 7 8 1
                    15   1 4 6 2
                    16   3 2 5 1
                    17   1 4 3 1
                    18   3 8 9 1
                    19   4 6 9 1
                    20   4 8 10 1
                    21   1 1 2 2
                    22   2 6 2 1
                    23   2 5 10 2
                    24   2 3 10 2
                    25   3 3 5 1
                    26   3 1 2 2
                    27   3 8 2 1
                    28   2 6 10 2
                    29   1 4 5 2
                    30   4 2 6 2
                    31   2 3 9 2
                    32   2 5 8 1
                    33   1 3 2 2
                    34   1 3 1 2
                    35   3 4 6 1
                    36   3 7 1 1
                    37   2 6 5 1
                    38   1 4 10 1
                    39   2 3 4 2
                    40   3 6 1 2
                    41   4 1 1 2
                    42   4 7 7 2
                    43   3 6 10 2
                    44   4 1 4 2
                    45   1 3 4 1
                    46   4 5 8 1
                    47   2 2 3 1
                    48   2 3 6 2
                    49   2 1 8 2
                    50   1 1 6 1
                    51   4 7 9 1
                    52   4 7 7 1
                    53   2 5 5 2
                    54   4 4 4 1
                    55   1 7 3 1
                    56   4 1 8 2
                    57   1 3 3 1
                    58   3 1 4 1
                    59   4 7 6 1
                    60   3 8 4 1
                    61   3 6 1 1
                    62   3 4 8 1
                    63   1 6 6 2
                    64   3 4 8 2
                    65   1 5 6 2
                    66   3 3 2 2
                    67   4 6 8 2
                    68   2 3 10 2
                    69   4 6 9 1
                    70   3 8 9 1;
param nombreMachine := 5;
param capaciteRessource : 1 2 3 4 :=
                    1     7 12 19 8
                    2     7 16 20 8
                    3     8 16 16 4
                    4     8 10 17 5
                    5     8 15 13 7
end;

