data;
param nombreTypeRessource := 4;
param nombreJob := 70;
param job duree := 1 2 2 7 3 7 4 10 5 1 6 3 7 10 8 10 9 2 10 9 11 8 12 3 13 5 14 2 15 2 16 2 17 2 18 1 19 3 20 1 21 8 22 7 23 6 24 6 25 1 26 4 27 2 28 4 29 1 30 4 31 2 32 2 33 9 34 2 35 5 36 7 37 5 38 4 39 6 40 5 41 3 42 8 43 3 44 1 45 8 46 4 47 8 48 5 49 10 50 8 51 8 52 6 53 5 54 1 55 3 56 3 57 8 58 5 59 6 60 3 61 4 62 1 63 8 64 9 65 3 66 6 67 4 68 4 69 6 70 2;
param besoinRessource : 1 2 3 4 :=
                    1   2 4 1 1
                    2   2 8 4 2
                    3   3 4 9 1
                    4   1 7 4 1
                    5   1 5 3 1
                    6   2 1 8 1
                    7   3 5 6 2
                    8   4 3 2 2
                    9   1 8 4 2
                    10   1 6 10 1
                    11   4 6 8 2
                    12   4 8 8 1
                    13   4 1 3 2
                    14   1 6 10 2
                    15   2 6 5 2
                    16   3 1 7 1
                    17   3 7 9 1
                    18   1 1 0 2
                    19   1 2 0 2
                    20   1 1 7 1
                    21   2 6 8 1
                    22   4 1 3 1
                    23   4 4 4 1
                    24   1 8 1 1
                    25   1 4 2 1
                    26   4 2 4 2
                    27   4 1 10 2
                    28   3 7 9 2
                    29   1 5 1 2
                    30   4 6 2 2
                    31   4 1 6 1
                    32   1 2 2 2
                    33   3 4 9 1
                    34   3 4 2 1
                    35   2 1 10 2
                    36   2 4 0 2
                    37   2 2 0 2
                    38   3 4 9 2
                    39   2 4 3 1
                    40   1 7 8 2
                    41   3 3 3 1
                    42   1 7 5 1
                    43   1 8 4 2
                    44   2 7 5 2
                    45   4 6 5 2
                    46   3 2 1 2
                    47   4 1 8 1
                    48   3 2 3 2
                    49   1 8 3 2
                    50   4 7 1 2
                    51   4 1 8 2
                    52   2 3 2 2
                    53   2 2 5 2
                    54   4 4 10 1
                    55   3 7 6 2
                    56   4 3 7 1
                    57   2 5 6 2
                    58   3 6 0 1
                    59   2 6 2 1
                    60   2 6 5 1
                    61   2 4 4 1
                    62   2 2 6 2
                    63   2 3 8 1
                    64   3 7 7 2
                    65   2 7 6 2
                    66   4 4 7 2
                    67   3 3 5 2
                    68   1 2 9 2
                    69   3 8 6 2
                    70   3 6 3 1;
param nombreMachine := 5;
param capaciteRessource : 1 2 3 4 :=
                    1     6 16 18 8
                    2     8 16 18 7
                    3     7 16 20 8
                    4     6 14 14 7
                    5     7 16 19 6
end;

