data;
param nombreTypeRessource := 4;
param nombreJob := 70;
param job duree := 1 8 2 10 3 1 4 6 5 9 6 9 7 4 8 7 9 10 10 6 11 5 12 1 13 2 14 8 15 3 16 5 17 3 18 8 19 4 20 9 21 4 22 3 23 7 24 2 25 7 26 10 27 6 28 2 29 10 30 5 31 4 32 8 33 4 34 5 35 1 36 7 37 6 38 6 39 4 40 2 41 5 42 7 43 1 44 10 45 3 46 5 47 7 48 9 49 2 50 6 51 4 52 8 53 7 54 7 55 4 56 8 57 3 58 7 59 2 60 3 61 5 62 6 63 1 64 5 65 2 66 5 67 3 68 9 69 10 70 8;
param besoinRessource : 1 2 3 4 :=
                    1   2 1 5 1
                    2   1 1 3 1
                    3   1 7 9 1
                    4   2 8 5 2
                    5   1 7 6 2
                    6   3 7 10 1
                    7   3 8 0 2
                    8   3 8 0 2
                    9   4 7 2 2
                    10   1 6 2 1
                    11   1 8 3 2
                    12   1 4 3 1
                    13   2 4 2 1
                    14   4 4 6 1
                    15   3 5 2 2
                    16   4 4 5 1
                    17   1 2 6 2
                    18   3 7 9 1
                    19   2 8 2 1
                    20   1 3 4 1
                    21   4 2 4 2
                    22   1 3 4 2
                    23   3 5 2 1
                    24   3 5 10 1
                    25   1 6 2 1
                    26   1 1 5 2
                    27   1 4 1 1
                    28   2 8 8 2
                    29   3 6 2 1
                    30   1 7 3 2
                    31   3 5 5 1
                    32   3 8 9 2
                    33   2 4 4 1
                    34   3 2 2 1
                    35   2 8 7 1
                    36   2 7 4 1
                    37   2 7 0 1
                    38   2 4 0 2
                    39   1 7 7 1
                    40   1 1 2 1
                    41   2 5 4 1
                    42   4 2 6 1
                    43   2 3 1 1
                    44   4 2 3 1
                    45   1 4 3 1
                    46   4 1 1 1
                    47   1 4 8 2
                    48   3 1 9 1
                    49   1 6 2 2
                    50   2 7 6 2
                    51   2 2 3 2
                    52   3 3 10 1
                    53   1 7 10 2
                    54   1 1 0 2
                    55   3 5 0 2
                    56   4 5 2 1
                    57   3 4 8 1
                    58   1 2 8 2
                    59   1 8 5 2
                    60   1 5 9 1
                    61   1 6 2 1
                    62   1 6 2 1
                    63   2 3 8 2
                    64   2 1 9 2
                    65   3 6 8 1
                    66   3 7 5 2
                    67   1 5 4 1
                    68   1 6 4 2
                    69   1 4 1 2
                    70   2 7 0 2;
param nombreMachine := 5;
param capaciteRessource : 1 2 3 4 :=
                    1     8 13 17 5
                    2     6 15 16 8
                    3     7 13 20 7
                    4     7 15 17 7
                    5     7 16 12 7
end;

