data;
param nombreTypeRessource := 4;
param nombreJob := 70;
param job duree := 1 2 2 10 3 7 4 2 5 7 6 5 7 1 8 8 9 9 10 4 11 5 12 6 13 1 14 7 15 8 16 9 17 6 18 9 19 6 20 10 21 9 22 10 23 8 24 1 25 6 26 10 27 6 28 1 29 5 30 9 31 9 32 5 33 6 34 1 35 8 36 10 37 6 38 4 39 3 40 8 41 2 42 3 43 10 44 8 45 9 46 4 47 5 48 5 49 6 50 7 51 4 52 2 53 3 54 2 55 1 56 1 57 5 58 5 59 3 60 4 61 4 62 3 63 2 64 6 65 3 66 6 67 9 68 4 69 9 70 4;
param besoinRessource : 1 2 3 4 :=
                    1   2 5 5 2
                    2   4 1 4 1
                    3   4 1 7 2
                    4   3 2 8 2
                    5   1 8 5 2
                    6   2 1 3 1
                    7   1 5 7 2
                    8   4 6 10 2
                    9   1 4 7 1
                    10   1 3 3 1
                    11   2 3 3 1
                    12   1 8 5 2
                    13   2 6 3 2
                    14   1 7 7 1
                    15   2 4 5 1
                    16   3 7 7 2
                    17   2 3 8 1
                    18   2 5 2 1
                    19   4 2 10 2
                    20   1 8 9 1
                    21   2 7 4 1
                    22   2 2 4 1
                    23   1 6 4 1
                    24   1 2 6 2
                    25   4 8 7 1
                    26   2 3 3 1
                    27   4 7 3 1
                    28   1 6 2 1
                    29   4 3 0 1
                    30   1 5 2 1
                    31   4 1 10 2
                    32   4 5 7 2
                    33   1 8 5 1
                    34   2 6 1 2
                    35   1 7 4 1
                    36   1 8 10 2
                    37   2 4 3 1
                    38   3 6 1 1
                    39   2 4 9 2
                    40   4 5 10 1
                    41   4 3 0 2
                    42   4 5 8 1
                    43   4 1 6 2
                    44   3 6 6 2
                    45   3 7 1 1
                    46   2 5 2 1
                    47   3 1 8 2
                    48   1 4 8 1
                    49   4 8 2 1
                    50   4 1 3 2
                    51   2 4 0 1
                    52   2 7 0 2
                    53   4 5 5 2
                    54   4 2 3 2
                    55   2 8 9 1
                    56   3 4 9 1
                    57   3 8 0 2
                    58   2 6 6 1
                    59   3 4 3 2
                    60   3 2 4 1
                    61   3 1 3 1
                    62   1 1 1 2
                    63   1 7 5 1
                    64   4 5 3 1
                    65   1 2 9 2
                    66   2 1 5 1
                    67   3 4 4 2
                    68   1 8 2 1
                    69   4 8 5 1
                    70   1 8 8 2;
param nombreMachine := 5;
param capaciteRessource : 1 2 3 4 :=
                    1     8 16 16 8
                    2     8 12 16 4
                    3     6 12 16 4
                    4     8 14 17 7
                    5     6 11 15 6
end;

