data;
param nombreTypeRessource := 4;
param nombreJob := 70;
param job duree := 1 1 2 1 3 4 4 8 5 6 6 6 7 2 8 7 9 1 10 4 11 9 12 10 13 6 14 4 15 7 16 2 17 4 18 4 19 7 20 4 21 5 22 9 23 4 24 7 25 3 26 1 27 1 28 2 29 6 30 6 31 6 32 8 33 7 34 9 35 4 36 6 37 10 38 8 39 8 40 6 41 5 42 3 43 5 44 5 45 2 46 2 47 9 48 8 49 8 50 9 51 9 52 10 53 5 54 5 55 4 56 9 57 7 58 9 59 9 60 1 61 4 62 5 63 5 64 8 65 7 66 9 67 8 68 10 69 3 70 4;
param besoinRessource : 1 2 3 4 :=
                    1   3 7 1 1
                    2   3 5 5 2
                    3   3 8 4 1
                    4   4 6 10 1
                    5   3 5 7 2
                    6   3 2 10 2
                    7   1 4 3 1
                    8   4 4 7 2
                    9   3 2 5 1
                    10   1 8 7 1
                    11   4 5 1 1
                    12   3 7 0 2
                    13   3 5 0 2
                    14   4 3 6 1
                    15   4 2 3 2
                    16   2 6 3 2
                    17   4 5 1 2
                    18   3 7 4 1
                    19   1 8 10 1
                    20   3 6 6 2
                    21   2 7 5 1
                    22   3 8 0 1
                    23   3 6 10 1
                    24   2 3 6 1
                    25   4 1 2 2
                    26   2 6 4 1
                    27   2 1 5 2
                    28   3 1 9 2
                    29   2 8 1 2
                    30   2 1 2 1
                    31   2 5 10 2
                    32   1 8 3 1
                    33   2 2 6 2
                    34   3 8 6 2
                    35   2 8 4 1
                    36   4 3 4 2
                    37   3 3 5 1
                    38   2 8 9 1
                    39   3 6 4 1
                    40   2 4 5 1
                    41   2 6 2 1
                    42   2 6 7 2
                    43   2 1 0 1
                    44   1 2 10 2
                    45   3 5 2 1
                    46   4 8 7 2
                    47   1 2 10 1
                    48   4 7 1 2
                    49   3 1 6 2
                    50   4 4 2 1
                    51   3 6 2 1
                    52   3 2 6 2
                    53   4 2 3 1
                    54   2 8 10 2
                    55   2 8 7 2
                    56   4 3 3 1
                    57   2 3 9 2
                    58   4 4 8 2
                    59   4 2 9 2
                    60   2 4 5 2
                    61   1 3 7 1
                    62   2 1 8 2
                    63   1 2 1 2
                    64   3 1 6 1
                    65   1 3 8 1
                    66   3 3 8 1
                    67   1 3 7 2
                    68   2 6 2 1
                    69   3 5 5 2
                    70   4 7 8 1;
param nombreMachine := 5;
param capaciteRessource : 1 2 3 4 :=
                    1     6 13 14 6
                    2     8 14 18 6
                    3     8 12 14 7
                    4     6 14 15 5
                    5     6 12 13 5
end;

