data;
param nombreTypeRessource := 4;
param nombreJob := 70;
param job duree := 1 4 2 10 3 7 4 5 5 5 6 4 7 1 8 9 9 2 10 3 11 4 12 1 13 3 14 6 15 8 16 6 17 7 18 4 19 8 20 9 21 4 22 3 23 7 24 5 25 7 26 6 27 2 28 10 29 9 30 3 31 8 32 6 33 4 34 2 35 7 36 8 37 1 38 10 39 6 40 5 41 9 42 4 43 8 44 6 45 2 46 3 47 2 48 5 49 2 50 9 51 1 52 9 53 3 54 4 55 6 56 9 57 9 58 6 59 2 60 9 61 3 62 3 63 2 64 6 65 10 66 4 67 7 68 10 69 3 70 6;
param besoinRessource : 1 2 3 4 :=
                    1   4 4 3 1
                    2   1 3 9 2
                    3   2 5 10 2
                    4   3 7 8 2
                    5   1 4 0 2
                    6   2 3 7 2
                    7   4 1 2 2
                    8   3 5 8 1
                    9   1 1 10 2
                    10   1 2 5 2
                    11   2 6 4 1
                    12   1 5 8 1
                    13   2 6 7 1
                    14   4 4 10 1
                    15   1 4 0 2
                    16   1 2 2 2
                    17   3 4 5 1
                    18   4 4 3 1
                    19   3 2 5 1
                    20   1 3 3 2
                    21   2 2 0 1
                    22   2 1 8 2
                    23   3 7 4 1
                    24   1 5 10 1
                    25   2 7 10 2
                    26   1 8 10 2
                    27   3 7 4 1
                    28   1 8 1 2
                    29   4 6 4 2
                    30   3 8 0 1
                    31   3 7 5 2
                    32   1 6 1 1
                    33   3 4 9 2
                    34   2 5 7 1
                    35   2 3 3 1
                    36   2 5 5 1
                    37   1 4 8 1
                    38   2 8 7 2
                    39   1 6 10 2
                    40   2 3 7 2
                    41   2 7 5 1
                    42   4 5 9 1
                    43   3 2 0 2
                    44   3 7 5 2
                    45   2 2 1 1
                    46   4 4 1 2
                    47   1 3 6 2
                    48   4 3 4 2
                    49   1 7 3 2
                    50   2 2 0 2
                    51   3 3 9 1
                    52   1 3 4 2
                    53   4 4 1 1
                    54   1 5 1 1
                    55   3 2 10 1
                    56   1 6 10 1
                    57   2 7 6 2
                    58   2 7 10 1
                    59   2 1 8 2
                    60   1 6 3 2
                    61   1 6 4 2
                    62   1 1 5 1
                    63   2 7 4 1
                    64   1 6 8 1
                    65   1 7 8 2
                    66   1 4 7 2
                    67   2 6 8 2
                    68   2 1 1 1
                    69   3 2 3 1
                    70   2 3 7 2;
param nombreMachine := 5;
param capaciteRessource : 1 2 3 4 :=
                    1     6 11 19 8
                    2     8 12 13 7
                    3     7 14 19 5
                    4     6 10 16 7
                    5     8 10 12 5
end;

