data;
param nombreTypeRessource := 4;
param nombreJob := 70;
param job duree := 1 7 2 1 3 1 4 4 5 8 6 10 7 7 8 4 9 2 10 1 11 10 12 10 13 2 14 5 15 6 16 5 17 6 18 7 19 9 20 4 21 8 22 9 23 4 24 9 25 5 26 3 27 9 28 9 29 1 30 9 31 4 32 10 33 10 34 7 35 1 36 5 37 5 38 1 39 10 40 2 41 9 42 7 43 5 44 2 45 6 46 3 47 6 48 8 49 8 50 5 51 2 52 10 53 3 54 4 55 8 56 8 57 4 58 3 59 2 60 2 61 6 62 9 63 10 64 9 65 6 66 2 67 4 68 9 69 6 70 9;
param besoinRessource : 1 2 3 4 :=
                    1   3 1 2 1
                    2   3 3 1 2
                    3   4 6 7 1
                    4   4 3 8 2
                    5   1 2 3 2
                    6   2 6 2 1
                    7   2 8 7 2
                    8   4 5 4 2
                    9   1 7 4 1
                    10   4 4 10 2
                    11   4 5 6 2
                    12   2 1 5 1
                    13   3 6 2 1
                    14   4 6 10 2
                    15   3 8 0 1
                    16   1 8 4 2
                    17   3 5 8 1
                    18   2 1 10 2
                    19   4 4 1 2
                    20   4 5 7 2
                    21   3 6 8 2
                    22   4 6 8 2
                    23   2 2 0 1
                    24   3 1 1 2
                    25   2 3 1 2
                    26   4 3 10 2
                    27   2 2 2 2
                    28   1 6 5 1
                    29   1 8 5 2
                    30   2 7 5 2
                    31   4 8 8 1
                    32   2 5 1 2
                    33   1 4 4 1
                    34   2 1 2 1
                    35   1 1 4 2
                    36   2 8 7 1
                    37   2 7 5 2
                    38   3 7 6 1
                    39   3 4 3 2
                    40   3 1 8 1
                    41   2 8 7 2
                    42   2 1 5 1
                    43   3 6 6 1
                    44   3 3 9 2
                    45   1 4 5 2
                    46   4 4 2 1
                    47   4 4 1 2
                    48   1 3 3 2
                    49   3 1 1 1
                    50   4 4 2 2
                    51   3 8 1 1
                    52   1 3 3 1
                    53   1 2 6 2
                    54   2 8 7 1
                    55   1 8 7 1
                    56   2 1 4 2
                    57   2 8 6 2
                    58   4 1 4 2
                    59   1 6 0 2
                    60   1 1 9 1
                    61   3 8 10 2
                    62   4 8 7 2
                    63   1 2 10 1
                    64   1 3 2 1
                    65   2 3 5 1
                    66   4 5 3 2
                    67   3 6 1 1
                    68   2 8 9 1
                    69   4 3 0 1
                    70   3 7 2 2;
param nombreMachine := 5;
param capaciteRessource : 1 2 3 4 :=
                    1     6 10 13 4
                    2     8 12 17 5
                    3     6 12 20 7
                    4     8 14 19 7
                    5     6 13 12 6
end;

