data;
param nombreTypeRessource := 4;
param nombreJob := 70;
param job duree := 1 6 2 10 3 1 4 9 5 6 6 3 7 1 8 10 9 6 10 3 11 6 12 6 13 8 14 1 15 3 16 10 17 9 18 1 19 3 20 4 21 6 22 8 23 7 24 7 25 2 26 2 27 8 28 10 29 7 30 6 31 3 32 7 33 4 34 7 35 6 36 8 37 6 38 6 39 1 40 3 41 3 42 4 43 1 44 4 45 10 46 9 47 4 48 10 49 7 50 2 51 3 52 1 53 3 54 10 55 10 56 9 57 9 58 2 59 1 60 7 61 7 62 9 63 4 64 8 65 1 66 4 67 4 68 2 69 6 70 7;
param besoinRessource : 1 2 3 4 :=
                    1   1 8 10 2
                    2   1 5 8 2
                    3   3 4 5 2
                    4   1 2 10 1
                    5   2 4 3 2
                    6   4 1 2 2
                    7   1 2 0 1
                    8   1 1 3 2
                    9   2 3 8 1
                    10   4 5 5 1
                    11   1 5 7 2
                    12   1 7 0 2
                    13   4 5 4 2
                    14   1 7 8 2
                    15   1 6 7 2
                    16   3 3 3 1
                    17   2 4 4 1
                    18   4 8 9 2
                    19   2 3 3 1
                    20   4 6 4 2
                    21   3 7 0 1
                    22   2 8 5 1
                    23   1 1 5 2
                    24   1 1 6 2
                    25   3 1 10 2
                    26   4 4 1 1
                    27   1 1 2 1
                    28   4 4 8 2
                    29   3 7 9 1
                    30   2 3 2 1
                    31   2 2 3 1
                    32   1 8 6 2
                    33   1 5 8 2
                    34   1 1 3 1
                    35   3 4 6 2
                    36   3 5 5 1
                    37   1 5 7 2
                    38   1 5 3 1
                    39   3 2 9 2
                    40   2 5 3 2
                    41   4 8 0 1
                    42   1 7 6 1
                    43   3 1 10 2
                    44   2 2 7 1
                    45   2 8 3 1
                    46   2 5 1 2
                    47   1 4 0 1
                    48   3 5 5 1
                    49   2 1 7 1
                    50   1 3 6 2
                    51   3 3 9 1
                    52   1 1 0 1
                    53   2 4 6 2
                    54   1 7 3 2
                    55   3 5 6 2
                    56   1 7 3 2
                    57   4 4 3 2
                    58   2 8 10 1
                    59   3 1 2 2
                    60   3 2 7 2
                    61   1 4 5 2
                    62   4 2 3 1
                    63   2 5 10 1
                    64   1 2 1 2
                    65   4 2 10 1
                    66   4 4 3 1
                    67   3 3 2 2
                    68   1 1 2 2
                    69   3 2 1 2
                    70   2 4 3 2;
param nombreMachine := 5;
param capaciteRessource : 1 2 3 4 :=
                    1     7 13 17 8
                    2     8 10 17 7
                    3     7 11 19 7
                    4     8 15 17 7
                    5     6 10 17 4
end;

