data;
param nombreTypeRessource := 4;
param nombreJob := 70;
param job duree := 1 8 2 1 3 4 4 10 5 1 6 8 7 7 8 10 9 6 10 7 11 4 12 4 13 8 14 10 15 4 16 7 17 7 18 7 19 4 20 2 21 1 22 8 23 6 24 7 25 8 26 1 27 10 28 5 29 7 30 7 31 7 32 8 33 8 34 4 35 8 36 7 37 3 38 3 39 7 40 2 41 8 42 3 43 8 44 8 45 9 46 3 47 10 48 8 49 4 50 8 51 10 52 5 53 5 54 9 55 5 56 9 57 2 58 6 59 5 60 10 61 4 62 1 63 9 64 3 65 1 66 3 67 2 68 1 69 6 70 5;
param besoinRessource : 1 2 3 4 :=
                    1   2 2 8 1
                    2   3 2 10 2
                    3   4 6 1 1
                    4   1 4 0 1
                    5   3 4 0 2
                    6   1 4 7 1
                    7   1 1 1 2
                    8   4 5 3 1
                    9   4 6 7 2
                    10   3 8 8 1
                    11   2 6 10 2
                    12   2 5 10 2
                    13   2 7 1 1
                    14   3 6 2 1
                    15   1 3 4 2
                    16   3 7 9 2
                    17   3 3 0 1
                    18   1 5 9 1
                    19   3 8 8 1
                    20   3 7 6 1
                    21   3 1 6 2
                    22   2 5 1 2
                    23   2 7 7 2
                    24   3 4 9 2
                    25   4 8 7 1
                    26   3 3 9 2
                    27   3 8 9 1
                    28   3 7 7 1
                    29   2 2 9 2
                    30   4 3 6 2
                    31   1 6 2 1
                    32   3 2 4 1
                    33   3 2 6 2
                    34   3 2 9 2
                    35   1 2 7 2
                    36   4 4 4 2
                    37   2 5 10 2
                    38   1 2 0 1
                    39   1 3 6 2
                    40   2 2 7 1
                    41   3 6 4 1
                    42   1 7 4 2
                    43   2 6 7 2
                    44   3 7 5 1
                    45   1 4 8 2
                    46   3 4 8 1
                    47   1 3 7 1
                    48   1 2 2 2
                    49   1 3 6 2
                    50   1 8 4 2
                    51   3 3 3 1
                    52   4 8 4 2
                    53   1 4 10 1
                    54   4 1 10 1
                    55   3 2 3 2
                    56   1 6 7 2
                    57   4 2 9 1
                    58   4 8 6 1
                    59   4 7 8 2
                    60   2 3 5 1
                    61   3 4 5 2
                    62   3 4 3 1
                    63   4 2 10 1
                    64   3 1 7 1
                    65   1 2 8 1
                    66   3 2 7 1
                    67   4 2 8 2
                    68   2 6 0 1
                    69   4 6 7 1
                    70   3 5 6 2;
param nombreMachine := 5;
param capaciteRessource : 1 2 3 4 :=
                    1     8 12 20 6
                    2     8 10 19 5
                    3     7 15 19 8
                    4     8 15 20 5
                    5     7 14 14 6
end;

