data;
param nombreTypeRessource := 4;
param nombreJob := 70;
param job duree := 1 1 2 9 3 1 4 10 5 2 6 8 7 10 8 8 9 8 10 4 11 7 12 2 13 8 14 5 15 8 16 2 17 8 18 9 19 5 20 1 21 9 22 7 23 1 24 8 25 8 26 10 27 8 28 4 29 5 30 7 31 7 32 5 33 9 34 1 35 3 36 5 37 2 38 3 39 2 40 6 41 6 42 9 43 5 44 1 45 3 46 4 47 1 48 1 49 1 50 9 51 8 52 9 53 4 54 2 55 2 56 10 57 4 58 5 59 5 60 9 61 7 62 5 63 10 64 7 65 2 66 5 67 5 68 8 69 9 70 5;
param besoinRessource : 1 2 3 4 :=
                    1   2 4 3 2
                    2   3 8 0 2
                    3   4 6 5 2
                    4   1 2 7 2
                    5   2 5 5 1
                    6   2 8 8 2
                    7   4 1 7 1
                    8   4 3 5 1
                    9   4 6 2 2
                    10   1 4 0 1
                    11   1 6 6 2
                    12   3 6 0 1
                    13   3 5 7 2
                    14   1 7 6 2
                    15   4 4 3 1
                    16   2 6 4 2
                    17   1 4 1 1
                    18   3 4 10 2
                    19   2 2 3 1
                    20   2 1 8 2
                    21   4 4 1 2
                    22   1 5 5 2
                    23   1 7 9 2
                    24   2 8 2 2
                    25   4 5 5 1
                    26   1 3 2 2
                    27   3 7 5 2
                    28   4 7 8 1
                    29   1 7 3 1
                    30   1 1 3 2
                    31   2 7 10 1
                    32   2 6 1 1
                    33   3 8 1 2
                    34   2 6 4 1
                    35   1 5 9 1
                    36   1 4 10 2
                    37   4 3 8 2
                    38   1 4 0 2
                    39   1 2 3 2
                    40   4 2 5 1
                    41   3 7 5 1
                    42   2 5 8 1
                    43   1 1 5 2
                    44   1 8 7 1
                    45   1 8 10 2
                    46   2 2 0 1
                    47   2 8 6 2
                    48   3 8 0 1
                    49   1 4 5 1
                    50   3 1 0 2
                    51   2 2 3 2
                    52   2 6 3 1
                    53   2 5 5 1
                    54   3 2 8 2
                    55   2 8 1 1
                    56   2 8 4 1
                    57   1 3 8 2
                    58   2 3 7 2
                    59   4 2 7 1
                    60   4 3 10 1
                    61   1 5 7 1
                    62   4 6 6 1
                    63   3 4 0 1
                    64   2 4 5 1
                    65   3 8 3 1
                    66   3 7 5 1
                    67   1 5 3 1
                    68   4 2 4 1
                    69   3 8 0 1
                    70   2 4 9 2;
param nombreMachine := 5;
param capaciteRessource : 1 2 3 4 :=
                    1     8 14 20 5
                    2     8 10 20 7
                    3     7 15 19 5
                    4     8 12 12 8
                    5     8 12 16 8
end;

