data;
param nombreTypeRessource := 4;
param nombreJob := 70;
param job duree := 1 10 2 7 3 9 4 2 5 1 6 7 7 10 8 2 9 10 10 1 11 4 12 6 13 7 14 3 15 10 16 4 17 3 18 1 19 10 20 1 21 4 22 9 23 3 24 6 25 3 26 6 27 7 28 7 29 8 30 2 31 4 32 9 33 4 34 3 35 9 36 2 37 9 38 2 39 5 40 7 41 5 42 8 43 3 44 6 45 2 46 8 47 7 48 7 49 3 50 8 51 7 52 7 53 10 54 10 55 8 56 4 57 7 58 9 59 3 60 4 61 1 62 3 63 9 64 10 65 6 66 8 67 4 68 4 69 4 70 2;
param besoinRessource : 1 2 3 4 :=
                    1   1 6 3 1
                    2   1 8 3 1
                    3   2 8 4 2
                    4   4 6 7 2
                    5   2 6 3 1
                    6   1 3 8 2
                    7   1 5 3 2
                    8   4 4 8 1
                    9   1 3 5 2
                    10   4 8 10 2
                    11   3 5 6 2
                    12   1 6 1 2
                    13   4 6 1 2
                    14   2 1 7 2
                    15   1 5 6 2
                    16   4 8 7 1
                    17   4 2 7 2
                    18   3 4 1 1
                    19   4 4 8 2
                    20   3 7 8 1
                    21   2 1 9 1
                    22   1 6 0 2
                    23   2 8 3 1
                    24   2 6 10 2
                    25   3 5 3 1
                    26   1 5 4 2
                    27   1 5 2 1
                    28   2 6 10 1
                    29   2 3 1 2
                    30   2 3 6 2
                    31   1 6 5 2
                    32   1 2 6 1
                    33   1 3 8 1
                    34   3 8 6 2
                    35   2 4 3 2
                    36   2 7 10 2
                    37   1 2 7 1
                    38   4 4 1 2
                    39   3 2 10 2
                    40   4 5 0 2
                    41   2 5 2 2
                    42   3 4 5 1
                    43   2 4 4 2
                    44   1 7 6 2
                    45   3 5 1 1
                    46   4 6 5 2
                    47   3 1 7 2
                    48   1 4 8 1
                    49   3 5 0 2
                    50   3 4 4 1
                    51   2 7 6 2
                    52   2 4 6 1
                    53   3 5 3 2
                    54   3 6 6 1
                    55   4 6 4 2
                    56   4 5 0 1
                    57   4 5 3 1
                    58   2 5 0 2
                    59   4 6 5 2
                    60   1 2 7 1
                    61   1 3 1 2
                    62   1 1 1 1
                    63   2 7 0 1
                    64   3 2 6 2
                    65   4 4 2 2
                    66   4 4 7 2
                    67   4 7 10 2
                    68   1 5 10 1
                    69   4 5 7 1
                    70   3 5 0 1;
param nombreMachine := 5;
param capaciteRessource : 1 2 3 4 :=
                    1     7 11 19 7
                    2     6 13 17 8
                    3     6 15 16 5
                    4     7 10 18 8
                    5     8 13 19 4
end;

