data;
param nombreTypeRessource := 4;
param nombreJob := 70;
param job duree := 1 4 2 7 3 6 4 9 5 4 6 1 7 4 8 1 9 1 10 7 11 4 12 7 13 3 14 8 15 10 16 10 17 3 18 1 19 8 20 10 21 2 22 8 23 6 24 7 25 9 26 3 27 8 28 5 29 6 30 1 31 10 32 5 33 9 34 5 35 3 36 3 37 10 38 8 39 8 40 5 41 10 42 10 43 1 44 10 45 3 46 7 47 8 48 1 49 1 50 2 51 7 52 6 53 1 54 8 55 5 56 5 57 6 58 5 59 9 60 5 61 9 62 9 63 5 64 1 65 5 66 5 67 10 68 5 69 5 70 7;
param besoinRessource : 1 2 3 4 :=
                    1   1 1 7 2
                    2   4 6 7 1
                    3   4 8 6 1
                    4   4 6 0 2
                    5   3 6 9 1
                    6   4 4 1 1
                    7   4 5 6 1
                    8   4 2 0 2
                    9   2 1 10 2
                    10   4 5 3 2
                    11   3 3 2 2
                    12   4 2 10 2
                    13   1 7 8 1
                    14   1 8 5 2
                    15   1 4 5 2
                    16   3 4 3 1
                    17   1 5 2 1
                    18   2 2 7 1
                    19   1 2 7 2
                    20   1 2 7 1
                    21   1 6 10 1
                    22   3 4 1 1
                    23   1 1 4 1
                    24   3 7 1 1
                    25   2 3 5 1
                    26   2 8 1 2
                    27   2 8 5 1
                    28   3 1 1 2
                    29   2 8 0 1
                    30   1 7 5 2
                    31   4 7 6 1
                    32   4 2 1 1
                    33   3 2 4 1
                    34   2 2 2 1
                    35   4 2 6 2
                    36   4 4 0 2
                    37   1 8 6 2
                    38   1 8 10 2
                    39   4 6 10 2
                    40   1 2 5 1
                    41   2 3 10 2
                    42   1 7 8 1
                    43   2 5 9 1
                    44   2 5 7 1
                    45   1 2 10 2
                    46   2 6 1 1
                    47   4 7 7 2
                    48   2 5 4 2
                    49   4 6 7 2
                    50   3 5 6 1
                    51   3 6 0 1
                    52   4 5 7 1
                    53   2 7 2 1
                    54   2 7 1 2
                    55   4 7 2 1
                    56   3 3 8 1
                    57   4 6 4 2
                    58   3 3 8 2
                    59   1 6 9 1
                    60   4 7 3 1
                    61   4 6 1 2
                    62   2 2 6 1
                    63   2 8 4 1
                    64   1 7 0 2
                    65   2 6 2 1
                    66   1 8 6 1
                    67   3 6 4 2
                    68   2 8 7 1
                    69   1 5 7 2
                    70   3 8 3 2;
param nombreMachine := 5;
param capaciteRessource : 1 2 3 4 :=
                    1     7 11 19 6
                    2     7 10 16 4
                    3     7 14 16 8
                    4     7 16 16 4
                    5     6 12 14 7
end;

