data;
param nombreTypeRessource := 4;
param nombreJob := 70;
param job duree := 1 5 2 10 3 10 4 8 5 3 6 5 7 3 8 7 9 2 10 2 11 8 12 8 13 6 14 10 15 3 16 1 17 2 18 9 19 2 20 9 21 6 22 4 23 2 24 3 25 8 26 10 27 3 28 3 29 9 30 2 31 6 32 1 33 8 34 2 35 1 36 9 37 10 38 1 39 3 40 4 41 2 42 7 43 6 44 2 45 4 46 5 47 2 48 8 49 8 50 10 51 9 52 3 53 1 54 10 55 5 56 6 57 9 58 9 59 7 60 2 61 7 62 5 63 9 64 6 65 8 66 6 67 5 68 4 69 9 70 1;
param besoinRessource : 1 2 3 4 :=
                    1   3 1 3 1
                    2   4 4 3 1
                    3   1 8 1 1
                    4   1 3 9 1
                    5   3 7 9 1
                    6   3 4 2 2
                    7   3 8 5 2
                    8   3 4 10 2
                    9   4 3 4 1
                    10   3 1 10 1
                    11   1 6 5 1
                    12   2 2 1 1
                    13   2 1 7 2
                    14   4 3 5 2
                    15   1 7 9 1
                    16   3 7 1 2
                    17   3 3 1 2
                    18   4 2 0 2
                    19   3 8 8 2
                    20   4 4 6 2
                    21   1 5 0 2
                    22   4 1 2 1
                    23   1 5 4 1
                    24   3 5 5 1
                    25   4 1 0 1
                    26   1 4 10 2
                    27   1 5 9 1
                    28   2 1 3 2
                    29   1 7 9 1
                    30   4 5 2 1
                    31   3 8 7 1
                    32   3 2 7 1
                    33   1 8 6 1
                    34   4 7 9 2
                    35   4 1 4 1
                    36   1 7 7 1
                    37   4 1 1 2
                    38   2 7 8 2
                    39   1 8 1 2
                    40   1 7 8 1
                    41   3 7 3 2
                    42   3 5 0 1
                    43   3 3 1 1
                    44   1 6 3 2
                    45   4 8 2 1
                    46   1 6 6 1
                    47   3 5 4 2
                    48   4 3 8 2
                    49   4 5 8 1
                    50   1 6 4 1
                    51   2 1 1 2
                    52   2 2 2 1
                    53   2 5 3 1
                    54   1 5 4 1
                    55   1 4 3 2
                    56   2 1 7 1
                    57   3 6 8 1
                    58   3 8 9 1
                    59   2 4 3 2
                    60   2 2 7 1
                    61   1 3 7 2
                    62   4 7 0 2
                    63   1 3 0 1
                    64   2 8 1 1
                    65   3 4 10 2
                    66   1 8 10 2
                    67   4 2 10 1
                    68   1 6 7 1
                    69   4 6 1 1
                    70   1 7 0 2;
param nombreMachine := 5;
param capaciteRessource : 1 2 3 4 :=
                    1     6 15 20 4
                    2     6 15 16 6
                    3     6 15 13 6
                    4     7 12 13 8
                    5     8 11 13 4
end;

