data;
param nombreTypeRessource := 4;
param nombreJob := 70;
param job duree := 1 8 2 8 3 1 4 6 5 3 6 10 7 1 8 2 9 5 10 6 11 9 12 4 13 3 14 9 15 9 16 4 17 9 18 5 19 6 20 3 21 9 22 10 23 6 24 8 25 9 26 8 27 9 28 5 29 1 30 2 31 4 32 9 33 8 34 3 35 3 36 6 37 10 38 6 39 4 40 8 41 4 42 10 43 5 44 4 45 2 46 9 47 9 48 5 49 3 50 9 51 6 52 4 53 5 54 3 55 9 56 6 57 7 58 1 59 4 60 9 61 6 62 4 63 9 64 4 65 8 66 9 67 2 68 2 69 5 70 10;
param besoinRessource : 1 2 3 4 :=
                    1   3 8 6 2
                    2   3 6 4 1
                    3   3 1 4 1
                    4   4 8 5 1
                    5   3 2 6 2
                    6   4 1 0 2
                    7   2 4 2 2
                    8   2 8 7 1
                    9   4 8 2 1
                    10   4 5 2 1
                    11   2 3 6 1
                    12   3 1 8 1
                    13   3 2 5 1
                    14   2 8 3 1
                    15   1 3 5 2
                    16   3 4 8 2
                    17   3 6 5 2
                    18   1 7 3 2
                    19   3 3 3 1
                    20   1 8 8 2
                    21   4 8 3 1
                    22   2 4 3 2
                    23   2 4 1 1
                    24   4 6 4 1
                    25   3 3 9 2
                    26   3 4 7 1
                    27   3 4 5 1
                    28   1 2 10 1
                    29   3 8 7 1
                    30   2 5 3 2
                    31   2 3 0 1
                    32   4 8 6 1
                    33   1 1 2 2
                    34   4 2 9 2
                    35   4 4 10 2
                    36   4 4 2 1
                    37   2 7 6 1
                    38   2 1 6 1
                    39   4 1 4 2
                    40   4 3 6 1
                    41   2 4 4 2
                    42   3 7 4 2
                    43   1 5 3 2
                    44   2 8 9 2
                    45   1 2 1 2
                    46   3 5 1 1
                    47   2 1 0 2
                    48   3 2 3 1
                    49   1 4 6 1
                    50   1 8 3 1
                    51   1 7 4 1
                    52   4 1 0 2
                    53   4 3 2 1
                    54   3 2 1 1
                    55   4 4 2 1
                    56   3 2 9 2
                    57   2 1 0 1
                    58   3 7 4 2
                    59   1 7 9 2
                    60   1 7 4 2
                    61   3 7 0 1
                    62   1 3 5 2
                    63   4 8 9 1
                    64   4 6 8 2
                    65   4 5 7 1
                    66   1 7 1 1
                    67   2 7 8 2
                    68   1 7 4 2
                    69   2 2 2 2
                    70   3 8 2 2;
param nombreMachine := 5;
param capaciteRessource : 1 2 3 4 :=
                    1     6 16 14 6
                    2     7 12 20 5
                    3     7 12 15 5
                    4     8 11 20 7
                    5     8 13 14 5
end;

