data;
param nombreTypeRessource := 4;
param nombreJob := 70;
param job duree := 1 1 2 6 3 9 4 9 5 9 6 7 7 9 8 5 9 10 10 7 11 2 12 3 13 7 14 7 15 2 16 4 17 7 18 2 19 6 20 6 21 9 22 5 23 10 24 1 25 6 26 4 27 2 28 10 29 2 30 1 31 10 32 8 33 5 34 7 35 9 36 2 37 5 38 10 39 5 40 7 41 8 42 5 43 3 44 1 45 4 46 6 47 4 48 10 49 10 50 9 51 3 52 6 53 9 54 6 55 3 56 10 57 6 58 3 59 9 60 9 61 3 62 8 63 4 64 6 65 6 66 1 67 7 68 1 69 3 70 9;
param besoinRessource : 1 2 3 4 :=
                    1   1 6 6 2
                    2   1 2 9 1
                    3   4 8 6 1
                    4   4 5 9 1
                    5   1 5 3 2
                    6   4 2 8 1
                    7   3 1 3 1
                    8   3 8 1 1
                    9   4 1 6 2
                    10   4 6 10 2
                    11   1 7 5 2
                    12   4 2 1 1
                    13   1 2 4 2
                    14   2 7 9 1
                    15   4 1 3 1
                    16   3 5 0 2
                    17   4 8 8 1
                    18   1 4 4 2
                    19   1 7 5 1
                    20   2 4 0 1
                    21   1 8 6 1
                    22   2 1 5 2
                    23   3 1 2 2
                    24   4 5 6 1
                    25   4 8 7 1
                    26   3 6 5 1
                    27   3 3 4 1
                    28   1 6 10 2
                    29   1 4 6 2
                    30   2 8 5 2
                    31   3 3 7 2
                    32   1 8 6 2
                    33   3 2 1 2
                    34   4 7 2 2
                    35   1 2 5 2
                    36   3 6 7 2
                    37   4 6 4 2
                    38   4 1 5 1
                    39   2 2 9 2
                    40   4 1 7 1
                    41   2 8 4 2
                    42   4 5 3 2
                    43   3 1 9 1
                    44   1 4 9 1
                    45   4 2 4 2
                    46   1 6 2 1
                    47   2 5 3 1
                    48   1 1 0 1
                    49   4 4 2 1
                    50   1 2 9 2
                    51   3 1 4 2
                    52   4 4 8 2
                    53   4 4 10 2
                    54   3 6 4 2
                    55   4 2 8 1
                    56   2 3 9 2
                    57   1 5 2 2
                    58   3 4 10 1
                    59   2 7 3 1
                    60   1 3 9 2
                    61   2 8 8 1
                    62   3 1 3 1
                    63   2 1 7 1
                    64   3 3 7 2
                    65   1 8 9 2
                    66   4 7 1 2
                    67   2 3 9 2
                    68   1 3 3 2
                    69   2 1 9 1
                    70   2 4 1 2;
param nombreMachine := 5;
param capaciteRessource : 1 2 3 4 :=
                    1     6 13 15 4
                    2     8 11 15 5
                    3     8 10 17 6
                    4     7 13 15 8
                    5     7 12 16 8
end;

