data;
param nombreTypeRessource := 4;
param nombreJob := 80;
param job duree := 1 2 2 5 3 9 4 5 5 4 6 1 7 9 8 9 9 5 10 9 11 10 12 1 13 6 14 2 15 4 16 2 17 7 18 4 19 7 20 7 21 8 22 10 23 7 24 3 25 9 26 1 27 10 28 1 29 8 30 1 31 8 32 9 33 4 34 4 35 7 36 10 37 2 38 9 39 8 40 3 41 3 42 1 43 3 44 2 45 6 46 5 47 4 48 4 49 9 50 10 51 9 52 10 53 4 54 2 55 2 56 1 57 10 58 10 59 5 60 10 61 3 62 7 63 7 64 6 65 10 66 3 67 4 68 10 69 8 70 7 71 1 72 5 73 9 74 4 75 7 76 9 77 4 78 10 79 7 80 4;
param besoinRessource : 1 2 3 4 :=
                    1   2 5 0 2
                    2   3 2 0 1
                    3   3 5 0 1
                    4   2 7 7 1
                    5   1 2 5 1
                    6   2 2 3 1
                    7   2 1 8 1
                    8   1 5 2 2
                    9   3 2 4 1
                    10   2 7 0 1
                    11   4 8 5 1
                    12   2 4 9 2
                    13   3 5 10 2
                    14   1 4 10 1
                    15   3 5 5 1
                    16   1 2 0 2
                    17   2 3 10 1
                    18   1 3 1 2
                    19   1 4 1 1
                    20   1 2 3 1
                    21   3 2 9 2
                    22   2 7 9 1
                    23   2 7 7 1
                    24   2 8 1 2
                    25   3 6 2 2
                    26   2 6 7 2
                    27   4 4 5 2
                    28   1 7 3 1
                    29   1 8 8 1
                    30   3 5 5 2
                    31   3 4 0 1
                    32   3 4 7 1
                    33   3 3 1 1
                    34   2 2 10 2
                    35   3 8 1 1
                    36   4 2 4 1
                    37   3 4 6 2
                    38   4 2 7 1
                    39   4 3 10 1
                    40   1 6 7 1
                    41   4 4 3 2
                    42   4 5 2 1
                    43   4 1 10 1
                    44   2 1 10 2
                    45   2 7 0 1
                    46   3 5 3 1
                    47   1 6 1 1
                    48   1 3 8 2
                    49   2 7 7 2
                    50   2 8 7 1
                    51   1 2 10 2
                    52   2 4 0 1
                    53   1 8 0 1
                    54   2 5 2 1
                    55   1 6 1 2
                    56   2 4 3 2
                    57   4 3 3 2
                    58   1 4 7 2
                    59   4 4 7 1
                    60   2 4 4 1
                    61   2 6 0 1
                    62   4 2 6 2
                    63   3 7 10 2
                    64   4 6 2 2
                    65   3 3 2 1
                    66   1 2 5 1
                    67   2 1 8 2
                    68   2 3 6 1
                    69   1 2 4 2
                    70   4 2 5 2
                    71   4 5 2 1
                    72   1 6 9 1
                    73   2 8 7 2
                    74   2 8 9 1
                    75   4 8 2 1
                    76   3 1 6 1
                    77   2 6 7 1
                    78   2 4 4 2
                    79   3 6 0 2
                    80   4 1 5 1;
param nombreMachine := 5;
param capaciteRessource : 1 2 3 4 :=
                    1     7 11 14 8
                    2     8 12 15 8
                    3     6 11 16 8
                    4     8 13 20 8
                    5     6 15 12 6
end;

