data;
param nombreTypeRessource := 4;
param nombreJob := 80;
param job duree := 1 9 2 2 3 8 4 7 5 9 6 5 7 1 8 7 9 2 10 6 11 9 12 5 13 7 14 1 15 8 16 8 17 6 18 7 19 3 20 2 21 10 22 4 23 8 24 2 25 10 26 1 27 7 28 9 29 3 30 6 31 5 32 3 33 3 34 5 35 9 36 10 37 10 38 10 39 6 40 9 41 3 42 9 43 5 44 1 45 4 46 8 47 7 48 2 49 8 50 5 51 3 52 9 53 10 54 3 55 3 56 7 57 1 58 2 59 8 60 1 61 10 62 2 63 1 64 2 65 6 66 3 67 1 68 6 69 10 70 10 71 1 72 7 73 9 74 10 75 5 76 9 77 5 78 5 79 1 80 7;
param besoinRessource : 1 2 3 4 :=
                    1   3 4 4 1
                    2   1 6 3 1
                    3   4 8 5 1
                    4   2 8 9 1
                    5   2 6 2 1
                    6   3 4 3 1
                    7   3 5 9 2
                    8   4 3 1 2
                    9   3 5 2 2
                    10   4 1 9 1
                    11   1 7 3 1
                    12   3 1 0 1
                    13   3 5 10 1
                    14   1 8 4 1
                    15   1 5 10 1
                    16   3 3 7 1
                    17   3 4 9 2
                    18   3 2 3 1
                    19   3 3 7 2
                    20   3 3 2 1
                    21   4 8 2 1
                    22   3 7 5 1
                    23   3 3 6 2
                    24   3 5 0 1
                    25   4 7 4 2
                    26   4 8 7 2
                    27   1 5 2 2
                    28   2 7 4 1
                    29   4 8 10 1
                    30   2 5 4 2
                    31   2 6 4 1
                    32   2 7 7 2
                    33   3 2 4 1
                    34   2 5 10 2
                    35   3 4 6 2
                    36   3 2 10 2
                    37   2 5 10 1
                    38   3 4 3 2
                    39   3 6 0 1
                    40   3 6 9 1
                    41   4 2 9 2
                    42   4 8 8 2
                    43   2 7 0 1
                    44   2 7 0 2
                    45   1 6 4 1
                    46   1 7 10 2
                    47   2 6 6 2
                    48   1 6 6 1
                    49   2 5 9 1
                    50   3 3 7 1
                    51   3 7 4 1
                    52   3 4 2 2
                    53   4 4 0 1
                    54   1 3 0 1
                    55   2 5 0 2
                    56   2 2 0 1
                    57   2 7 4 2
                    58   2 4 6 1
                    59   1 3 7 2
                    60   3 2 8 1
                    61   1 7 9 2
                    62   1 2 5 1
                    63   4 4 10 1
                    64   4 2 8 1
                    65   3 4 8 1
                    66   2 2 3 2
                    67   3 4 7 1
                    68   4 5 0 1
                    69   4 6 6 1
                    70   3 6 5 1
                    71   1 2 2 1
                    72   1 8 4 2
                    73   4 8 6 1
                    74   3 7 2 2
                    75   4 8 7 2
                    76   2 8 10 2
                    77   3 7 9 2
                    78   4 3 8 2
                    79   4 1 1 2
                    80   3 5 1 2;
param nombreMachine := 5;
param capaciteRessource : 1 2 3 4 :=
                    1     7 11 20 7
                    2     8 11 18 4
                    3     6 10 16 4
                    4     8 15 15 5
                    5     8 13 17 6
end;

