data;
param nombreTypeRessource := 4;
param nombreJob := 80;
param job duree := 1 9 2 2 3 8 4 10 5 4 6 10 7 3 8 6 9 1 10 7 11 7 12 4 13 8 14 4 15 8 16 4 17 4 18 8 19 5 20 5 21 9 22 10 23 6 24 3 25 5 26 3 27 7 28 9 29 4 30 7 31 8 32 10 33 4 34 5 35 2 36 2 37 1 38 4 39 10 40 7 41 4 42 5 43 1 44 4 45 10 46 8 47 3 48 3 49 5 50 1 51 6 52 8 53 1 54 7 55 3 56 6 57 1 58 9 59 3 60 2 61 1 62 7 63 3 64 5 65 3 66 8 67 1 68 8 69 10 70 2 71 2 72 5 73 9 74 8 75 5 76 2 77 5 78 4 79 1 80 1;
param besoinRessource : 1 2 3 4 :=
                    1   4 6 10 1
                    2   4 8 2 1
                    3   3 6 3 2
                    4   4 4 2 1
                    5   4 5 6 1
                    6   3 5 0 1
                    7   3 3 8 2
                    8   3 7 2 2
                    9   2 6 6 1
                    10   2 1 3 1
                    11   4 7 0 1
                    12   3 7 7 1
                    13   3 5 8 1
                    14   3 6 1 1
                    15   1 7 2 2
                    16   3 4 9 1
                    17   4 2 0 2
                    18   3 2 2 1
                    19   4 8 5 2
                    20   2 8 3 1
                    21   2 2 5 2
                    22   1 8 6 2
                    23   4 2 9 1
                    24   3 7 9 2
                    25   1 6 6 1
                    26   3 1 9 2
                    27   3 5 2 1
                    28   2 7 4 1
                    29   3 2 6 1
                    30   2 7 9 1
                    31   1 6 9 2
                    32   3 6 2 2
                    33   2 8 9 1
                    34   4 5 8 2
                    35   3 4 9 2
                    36   1 3 2 1
                    37   1 8 9 1
                    38   4 7 9 1
                    39   2 7 1 2
                    40   3 6 0 1
                    41   4 2 1 2
                    42   2 1 9 1
                    43   4 7 4 1
                    44   4 7 3 2
                    45   4 1 7 2
                    46   2 7 6 2
                    47   3 7 8 1
                    48   3 8 9 1
                    49   4 6 5 1
                    50   4 4 1 2
                    51   2 8 9 1
                    52   4 7 6 2
                    53   1 3 1 1
                    54   4 6 7 1
                    55   1 7 4 2
                    56   2 3 1 1
                    57   1 6 10 2
                    58   2 4 5 1
                    59   3 7 8 2
                    60   4 6 8 1
                    61   4 5 0 2
                    62   4 7 7 1
                    63   1 6 2 2
                    64   2 1 6 1
                    65   2 7 9 1
                    66   2 6 8 1
                    67   2 4 3 2
                    68   4 7 7 2
                    69   2 7 9 1
                    70   2 1 6 1
                    71   2 8 2 1
                    72   2 2 7 1
                    73   4 6 0 1
                    74   2 3 1 2
                    75   2 8 4 2
                    76   1 2 1 2
                    77   3 7 7 1
                    78   1 7 7 2
                    79   1 3 9 2
                    80   3 1 6 2;
param nombreMachine := 5;
param capaciteRessource : 1 2 3 4 :=
                    1     8 13 15 5
                    2     6 11 18 5
                    3     7 13 12 8
                    4     6 12 20 6
                    5     8 15 17 6
end;

