data;
param nombreTypeRessource := 4;
param nombreJob := 80;
param job duree := 1 6 2 4 3 1 4 2 5 2 6 10 7 9 8 6 9 4 10 9 11 5 12 7 13 9 14 8 15 3 16 7 17 7 18 10 19 10 20 3 21 10 22 2 23 6 24 10 25 9 26 9 27 5 28 5 29 1 30 7 31 9 32 8 33 7 34 7 35 6 36 5 37 7 38 4 39 5 40 2 41 9 42 6 43 8 44 10 45 4 46 9 47 6 48 3 49 7 50 3 51 8 52 8 53 9 54 8 55 4 56 6 57 7 58 8 59 10 60 10 61 3 62 9 63 6 64 6 65 3 66 5 67 9 68 5 69 2 70 10 71 10 72 1 73 9 74 10 75 5 76 9 77 1 78 9 79 2 80 2;
param besoinRessource : 1 2 3 4 :=
                    1   2 3 9 2
                    2   2 7 6 1
                    3   1 1 7 2
                    4   4 1 6 2
                    5   1 3 2 2
                    6   3 1 10 2
                    7   4 3 7 2
                    8   4 4 4 1
                    9   4 2 8 1
                    10   4 8 1 1
                    11   1 7 7 1
                    12   2 4 10 1
                    13   1 3 5 1
                    14   2 6 0 2
                    15   4 8 8 2
                    16   2 6 1 1
                    17   2 1 1 1
                    18   2 6 9 2
                    19   2 6 9 2
                    20   3 5 5 2
                    21   3 4 7 2
                    22   4 6 5 2
                    23   4 8 3 1
                    24   1 3 0 1
                    25   2 1 1 2
                    26   1 4 6 2
                    27   3 2 7 1
                    28   1 6 2 2
                    29   2 7 0 2
                    30   3 3 10 2
                    31   3 3 3 2
                    32   4 4 9 2
                    33   1 1 9 1
                    34   4 6 10 2
                    35   2 4 3 2
                    36   3 7 2 1
                    37   4 5 3 1
                    38   1 8 10 2
                    39   3 5 1 1
                    40   1 7 10 1
                    41   4 5 5 2
                    42   4 8 1 2
                    43   3 5 7 2
                    44   4 2 7 1
                    45   2 1 2 1
                    46   3 4 1 2
                    47   3 2 2 2
                    48   2 5 6 1
                    49   2 7 0 2
                    50   3 3 1 2
                    51   4 7 1 2
                    52   2 7 3 2
                    53   4 2 5 2
                    54   3 8 4 1
                    55   3 2 2 2
                    56   2 7 0 1
                    57   2 4 10 1
                    58   4 2 6 2
                    59   3 3 7 2
                    60   2 3 4 2
                    61   2 4 8 1
                    62   4 3 2 1
                    63   2 7 2 1
                    64   1 5 3 2
                    65   1 3 4 2
                    66   1 1 5 1
                    67   1 8 2 1
                    68   3 7 3 1
                    69   4 4 10 1
                    70   3 7 6 2
                    71   2 4 10 2
                    72   2 5 7 1
                    73   1 3 8 2
                    74   4 5 8 1
                    75   4 7 3 2
                    76   3 5 9 2
                    77   4 1 10 2
                    78   1 8 5 1
                    79   2 2 1 2
                    80   2 6 4 1;
param nombreMachine := 5;
param capaciteRessource : 1 2 3 4 :=
                    1     7 15 17 5
                    2     6 12 13 6
                    3     7 15 13 5
                    4     6 12 17 6
                    5     6 13 13 7
end;

