data;
param nombreTypeRessource := 4;
param nombreJob := 80;
param job duree := 1 9 2 5 3 8 4 8 5 3 6 4 7 6 8 2 9 4 10 5 11 10 12 10 13 6 14 1 15 7 16 2 17 4 18 7 19 10 20 3 21 9 22 3 23 6 24 2 25 5 26 9 27 9 28 10 29 8 30 10 31 3 32 4 33 5 34 6 35 8 36 7 37 9 38 3 39 6 40 6 41 9 42 7 43 10 44 8 45 3 46 1 47 9 48 9 49 7 50 8 51 6 52 5 53 4 54 3 55 2 56 4 57 5 58 8 59 6 60 5 61 1 62 8 63 8 64 1 65 8 66 9 67 10 68 5 69 3 70 7 71 7 72 4 73 8 74 3 75 3 76 5 77 1 78 9 79 6 80 3;
param besoinRessource : 1 2 3 4 :=
                    1   4 5 9 1
                    2   2 2 10 2
                    3   1 6 8 1
                    4   4 3 5 1
                    5   4 6 8 1
                    6   3 2 4 1
                    7   2 2 6 1
                    8   1 8 7 1
                    9   1 3 9 1
                    10   4 5 4 1
                    11   3 1 9 2
                    12   3 3 2 1
                    13   2 3 5 1
                    14   3 4 0 2
                    15   4 2 9 1
                    16   3 3 8 1
                    17   3 8 7 2
                    18   3 4 10 2
                    19   3 7 5 1
                    20   1 3 0 1
                    21   4 8 4 2
                    22   3 3 10 1
                    23   4 6 3 1
                    24   3 1 2 1
                    25   2 8 10 2
                    26   4 6 2 1
                    27   3 6 2 2
                    28   1 6 0 1
                    29   2 6 1 2
                    30   3 4 4 2
                    31   2 8 3 1
                    32   1 2 3 1
                    33   3 6 1 1
                    34   3 1 4 1
                    35   4 7 3 1
                    36   2 2 10 1
                    37   2 6 8 2
                    38   3 8 9 1
                    39   2 7 1 1
                    40   2 5 9 2
                    41   4 1 6 2
                    42   4 8 9 2
                    43   2 1 5 2
                    44   2 3 10 2
                    45   2 8 1 2
                    46   2 2 2 1
                    47   4 7 2 2
                    48   2 8 7 2
                    49   2 8 9 2
                    50   4 7 9 2
                    51   3 7 3 1
                    52   1 4 3 2
                    53   3 1 1 2
                    54   3 4 2 1
                    55   4 4 9 2
                    56   2 4 8 1
                    57   3 6 4 2
                    58   1 1 3 1
                    59   1 8 1 1
                    60   1 8 2 2
                    61   1 4 2 1
                    62   4 2 2 1
                    63   2 7 2 2
                    64   3 8 9 2
                    65   1 4 4 1
                    66   3 3 7 2
                    67   4 8 10 1
                    68   1 2 10 1
                    69   4 4 6 2
                    70   1 6 1 2
                    71   1 8 7 2
                    72   2 8 2 1
                    73   1 2 1 2
                    74   3 5 2 1
                    75   3 2 7 2
                    76   4 7 0 2
                    77   1 5 1 2
                    78   1 4 7 2
                    79   2 7 4 1
                    80   2 5 2 1;
param nombreMachine := 5;
param capaciteRessource : 1 2 3 4 :=
                    1     6 11 12 5
                    2     8 13 19 7
                    3     6 11 20 6
                    4     8 15 12 5
                    5     7 15 13 4
end;

