data;
param nombreTypeRessource := 4;
param nombreJob := 80;
param job duree := 1 4 2 6 3 5 4 6 5 4 6 5 7 7 8 3 9 10 10 8 11 7 12 2 13 1 14 3 15 8 16 4 17 7 18 7 19 8 20 2 21 4 22 2 23 1 24 6 25 9 26 6 27 1 28 6 29 8 30 10 31 6 32 5 33 8 34 9 35 2 36 5 37 9 38 8 39 2 40 7 41 8 42 10 43 2 44 1 45 1 46 4 47 2 48 8 49 1 50 7 51 6 52 6 53 9 54 3 55 4 56 9 57 3 58 6 59 3 60 1 61 3 62 1 63 6 64 10 65 6 66 1 67 7 68 4 69 4 70 9 71 8 72 1 73 7 74 9 75 6 76 1 77 7 78 2 79 1 80 6;
param besoinRessource : 1 2 3 4 :=
                    1   1 3 3 2
                    2   3 2 8 1
                    3   2 6 1 1
                    4   2 7 9 2
                    5   1 3 2 2
                    6   2 8 8 2
                    7   4 1 9 2
                    8   1 8 7 2
                    9   3 8 2 2
                    10   1 6 10 1
                    11   1 3 7 1
                    12   3 6 6 2
                    13   2 7 8 2
                    14   1 3 8 2
                    15   4 8 8 1
                    16   4 5 3 1
                    17   4 2 0 2
                    18   2 5 6 2
                    19   2 7 9 2
                    20   4 1 6 1
                    21   3 1 0 1
                    22   1 3 10 1
                    23   4 1 4 1
                    24   4 4 9 1
                    25   1 8 5 1
                    26   3 3 6 2
                    27   3 3 4 1
                    28   3 7 7 2
                    29   2 5 8 1
                    30   4 8 3 1
                    31   4 7 2 1
                    32   4 7 2 1
                    33   2 3 6 2
                    34   3 7 2 2
                    35   1 8 1 1
                    36   4 6 2 2
                    37   2 8 4 2
                    38   3 7 5 2
                    39   1 8 9 2
                    40   4 3 0 1
                    41   2 8 7 1
                    42   3 8 10 1
                    43   4 3 6 1
                    44   1 7 0 2
                    45   1 8 8 2
                    46   2 4 7 1
                    47   4 7 3 1
                    48   1 1 0 1
                    49   4 8 4 2
                    50   2 7 3 2
                    51   2 3 6 2
                    52   1 4 10 1
                    53   2 4 7 2
                    54   2 3 7 2
                    55   1 2 0 2
                    56   1 4 3 2
                    57   1 3 5 2
                    58   3 3 1 1
                    59   1 7 1 1
                    60   1 7 6 2
                    61   3 5 8 2
                    62   3 7 0 2
                    63   4 2 5 1
                    64   3 5 7 1
                    65   3 4 8 2
                    66   3 7 1 2
                    67   3 8 6 2
                    68   1 7 10 2
                    69   3 4 6 1
                    70   1 5 1 1
                    71   4 2 3 1
                    72   1 1 5 2
                    73   3 2 3 2
                    74   2 8 7 2
                    75   3 4 7 2
                    76   1 6 4 2
                    77   4 8 7 1
                    78   4 3 4 1
                    79   1 2 4 2
                    80   2 5 5 1;
param nombreMachine := 5;
param capaciteRessource : 1 2 3 4 :=
                    1     7 13 15 7
                    2     7 13 12 4
                    3     7 10 19 8
                    4     6 13 19 8
                    5     7 15 15 6
end;

