data;
param nombreTypeRessource := 4;
param nombreJob := 80;
param job duree := 1 1 2 4 3 2 4 9 5 3 6 10 7 5 8 5 9 10 10 1 11 8 12 3 13 2 14 3 15 2 16 4 17 8 18 7 19 1 20 5 21 1 22 7 23 5 24 6 25 6 26 10 27 2 28 2 29 7 30 2 31 7 32 10 33 2 34 9 35 8 36 8 37 10 38 2 39 6 40 6 41 5 42 1 43 1 44 3 45 6 46 2 47 7 48 2 49 5 50 7 51 2 52 4 53 10 54 10 55 4 56 8 57 7 58 10 59 9 60 5 61 2 62 5 63 10 64 4 65 3 66 7 67 10 68 3 69 1 70 8 71 4 72 3 73 6 74 4 75 7 76 5 77 6 78 4 79 1 80 9;
param besoinRessource : 1 2 3 4 :=
                    1   1 6 5 2
                    2   4 1 9 1
                    3   2 1 8 1
                    4   2 1 10 2
                    5   1 3 8 1
                    6   1 7 6 2
                    7   4 5 0 2
                    8   4 2 1 2
                    9   4 5 0 2
                    10   3 5 10 1
                    11   2 6 0 1
                    12   1 1 10 1
                    13   4 3 9 2
                    14   3 4 7 1
                    15   4 5 1 1
                    16   1 1 8 2
                    17   3 5 6 1
                    18   3 2 2 2
                    19   1 3 10 2
                    20   3 5 7 2
                    21   1 6 7 1
                    22   2 3 5 1
                    23   4 1 3 2
                    24   1 4 10 2
                    25   2 3 3 2
                    26   2 3 6 2
                    27   3 3 8 2
                    28   1 5 1 2
                    29   2 7 9 2
                    30   4 5 4 1
                    31   2 1 2 2
                    32   4 4 4 2
                    33   3 3 6 1
                    34   1 6 9 2
                    35   3 4 9 2
                    36   4 8 0 2
                    37   1 6 8 2
                    38   1 8 10 2
                    39   1 2 2 1
                    40   3 5 10 1
                    41   2 2 5 1
                    42   1 4 1 1
                    43   3 8 2 2
                    44   3 6 7 1
                    45   1 3 8 2
                    46   4 1 8 2
                    47   4 4 6 2
                    48   3 1 1 2
                    49   2 7 2 1
                    50   4 3 0 2
                    51   2 8 5 1
                    52   1 7 5 1
                    53   1 3 8 1
                    54   4 4 1 1
                    55   4 6 10 2
                    56   4 6 1 1
                    57   4 1 4 2
                    58   4 3 6 1
                    59   1 8 9 1
                    60   3 8 2 1
                    61   1 4 6 1
                    62   3 4 10 1
                    63   3 1 7 2
                    64   1 8 1 2
                    65   4 1 2 1
                    66   2 3 1 2
                    67   3 6 7 2
                    68   3 1 7 2
                    69   4 8 0 2
                    70   2 4 2 1
                    71   4 8 0 2
                    72   3 6 2 2
                    73   3 6 2 2
                    74   2 4 8 1
                    75   4 5 10 2
                    76   1 1 10 2
                    77   1 4 5 2
                    78   3 5 5 1
                    79   3 4 10 2
                    80   4 4 10 1;
param nombreMachine := 5;
param capaciteRessource : 1 2 3 4 :=
                    1     7 15 17 4
                    2     7 11 14 5
                    3     7 12 16 4
                    4     7 10 16 4
                    5     7 10 14 8
end;

