data;
param nombreTypeRessource := 4;
param nombreJob := 80;
param job duree := 1 8 2 5 3 6 4 5 5 10 6 10 7 1 8 2 9 1 10 1 11 1 12 4 13 6 14 3 15 9 16 7 17 1 18 6 19 8 20 5 21 3 22 1 23 3 24 8 25 1 26 10 27 8 28 8 29 3 30 5 31 9 32 7 33 9 34 7 35 5 36 9 37 1 38 9 39 3 40 2 41 5 42 10 43 9 44 1 45 10 46 5 47 10 48 1 49 4 50 3 51 1 52 8 53 1 54 3 55 2 56 7 57 9 58 8 59 1 60 6 61 2 62 9 63 5 64 9 65 2 66 8 67 9 68 4 69 6 70 8 71 8 72 6 73 6 74 6 75 9 76 9 77 8 78 5 79 3 80 4;
param besoinRessource : 1 2 3 4 :=
                    1   2 6 9 1
                    2   4 7 2 2
                    3   3 4 9 1
                    4   1 3 10 1
                    5   4 3 1 2
                    6   3 5 4 1
                    7   1 3 5 2
                    8   3 2 4 2
                    9   3 5 4 2
                    10   3 8 10 1
                    11   4 8 6 2
                    12   2 4 0 2
                    13   2 8 9 1
                    14   1 2 2 2
                    15   2 8 4 1
                    16   4 8 1 1
                    17   1 2 1 2
                    18   2 3 3 2
                    19   2 3 2 2
                    20   1 7 9 2
                    21   1 8 6 2
                    22   2 7 4 2
                    23   1 2 8 2
                    24   2 2 7 2
                    25   2 6 0 2
                    26   2 7 1 1
                    27   4 2 0 2
                    28   3 2 2 1
                    29   3 7 3 2
                    30   2 2 0 2
                    31   2 6 8 1
                    32   2 5 8 2
                    33   3 3 7 2
                    34   3 1 8 2
                    35   2 8 0 1
                    36   1 5 7 2
                    37   2 3 9 1
                    38   4 1 2 1
                    39   4 7 10 1
                    40   4 7 4 1
                    41   4 6 4 1
                    42   2 4 9 1
                    43   3 8 5 2
                    44   3 6 0 1
                    45   2 1 7 2
                    46   1 5 6 1
                    47   3 6 2 1
                    48   3 2 0 2
                    49   4 6 10 2
                    50   2 2 10 2
                    51   3 5 7 2
                    52   4 5 4 2
                    53   2 5 7 2
                    54   4 6 7 1
                    55   3 4 8 2
                    56   3 8 2 1
                    57   2 4 2 1
                    58   4 5 10 2
                    59   2 8 1 2
                    60   1 4 2 2
                    61   3 3 5 2
                    62   2 5 4 2
                    63   1 6 10 2
                    64   2 5 2 2
                    65   3 6 9 1
                    66   1 4 6 2
                    67   4 5 10 1
                    68   3 7 0 2
                    69   3 3 6 1
                    70   1 7 3 1
                    71   2 7 7 2
                    72   2 6 0 2
                    73   4 2 2 2
                    74   2 5 10 1
                    75   2 8 5 1
                    76   2 6 2 1
                    77   1 1 3 1
                    78   4 6 3 1
                    79   2 3 10 2
                    80   1 4 6 1;
param nombreMachine := 5;
param capaciteRessource : 1 2 3 4 :=
                    1     6 16 13 6
                    2     8 11 19 6
                    3     8 12 18 7
                    4     6 13 14 7
                    5     8 16 19 5
end;

