data;
param nombreTypeRessource := 4;
param nombreJob := 80;
param job duree := 1 8 2 3 3 7 4 4 5 5 6 4 7 9 8 7 9 10 10 1 11 5 12 1 13 7 14 4 15 10 16 7 17 1 18 8 19 8 20 4 21 4 22 5 23 1 24 3 25 5 26 1 27 8 28 4 29 8 30 1 31 2 32 5 33 4 34 3 35 10 36 5 37 3 38 4 39 1 40 9 41 3 42 4 43 10 44 3 45 2 46 6 47 9 48 1 49 5 50 2 51 8 52 5 53 2 54 7 55 6 56 10 57 6 58 8 59 3 60 5 61 10 62 8 63 10 64 1 65 9 66 10 67 10 68 1 69 10 70 3 71 5 72 4 73 9 74 4 75 10 76 6 77 1 78 9 79 6 80 8;
param besoinRessource : 1 2 3 4 :=
                    1   2 8 7 2
                    2   3 3 1 1
                    3   3 1 1 1
                    4   3 7 3 1
                    5   1 3 2 1
                    6   4 8 10 1
                    7   4 8 10 1
                    8   3 8 1 1
                    9   1 7 5 2
                    10   1 5 2 2
                    11   3 7 9 1
                    12   1 1 1 1
                    13   4 8 9 1
                    14   3 2 0 2
                    15   1 4 8 1
                    16   4 4 8 1
                    17   3 1 1 2
                    18   1 4 3 1
                    19   2 4 3 2
                    20   4 1 5 2
                    21   4 8 0 1
                    22   1 2 0 1
                    23   1 7 2 1
                    24   3 4 7 1
                    25   1 6 6 1
                    26   2 8 4 1
                    27   4 4 10 2
                    28   3 5 3 2
                    29   4 3 1 2
                    30   1 6 4 2
                    31   3 3 8 2
                    32   3 2 2 2
                    33   1 8 3 1
                    34   4 5 2 1
                    35   1 5 4 2
                    36   2 3 9 1
                    37   3 4 9 2
                    38   2 7 5 1
                    39   1 3 4 2
                    40   4 2 7 2
                    41   4 5 2 1
                    42   1 1 1 1
                    43   3 7 1 1
                    44   1 1 6 1
                    45   2 2 3 2
                    46   4 3 6 1
                    47   1 7 6 1
                    48   3 2 7 2
                    49   3 7 7 1
                    50   2 4 2 1
                    51   3 3 5 2
                    52   4 4 7 1
                    53   2 1 2 2
                    54   2 3 10 2
                    55   2 3 0 1
                    56   1 2 5 1
                    57   1 2 9 1
                    58   2 5 10 1
                    59   2 7 4 1
                    60   3 8 9 1
                    61   2 8 9 2
                    62   1 1 6 1
                    63   4 1 9 1
                    64   4 8 2 1
                    65   4 8 6 1
                    66   1 4 10 2
                    67   4 4 0 2
                    68   2 7 9 2
                    69   4 4 9 1
                    70   3 3 6 1
                    71   1 5 4 1
                    72   2 5 3 1
                    73   2 6 8 1
                    74   3 6 0 1
                    75   1 5 1 2
                    76   3 3 8 2
                    77   2 4 6 1
                    78   4 8 5 2
                    79   1 5 10 2
                    80   2 4 10 1;
param nombreMachine := 5;
param capaciteRessource : 1 2 3 4 :=
                    1     7 15 13 6
                    2     8 13 13 6
                    3     7 12 17 8
                    4     6 14 18 7
                    5     8 13 16 8
end;

