data;
param nombreTypeRessource := 4;
param nombreJob := 80;
param job duree := 1 7 2 9 3 6 4 10 5 7 6 6 7 2 8 10 9 10 10 5 11 3 12 5 13 10 14 3 15 8 16 2 17 9 18 1 19 10 20 7 21 10 22 4 23 6 24 5 25 3 26 10 27 10 28 3 29 1 30 5 31 3 32 10 33 5 34 5 35 8 36 7 37 7 38 2 39 5 40 1 41 1 42 7 43 1 44 8 45 5 46 9 47 2 48 10 49 4 50 7 51 10 52 6 53 3 54 4 55 5 56 7 57 1 58 2 59 10 60 2 61 2 62 9 63 8 64 4 65 10 66 3 67 1 68 3 69 4 70 7 71 2 72 6 73 6 74 6 75 7 76 10 77 6 78 10 79 1 80 1;
param besoinRessource : 1 2 3 4 :=
                    1   4 6 5 2
                    2   2 6 3 2
                    3   3 2 1 1
                    4   1 8 8 1
                    5   4 3 4 1
                    6   3 3 1 2
                    7   1 1 1 1
                    8   1 4 6 2
                    9   1 4 6 2
                    10   1 7 1 1
                    11   1 4 5 1
                    12   3 8 6 1
                    13   1 7 8 1
                    14   1 7 6 2
                    15   4 3 8 1
                    16   1 8 10 1
                    17   3 3 10 1
                    18   3 2 4 1
                    19   2 7 10 1
                    20   1 8 6 1
                    21   2 7 10 2
                    22   4 2 5 2
                    23   1 6 2 1
                    24   2 7 4 1
                    25   1 3 0 2
                    26   3 3 7 2
                    27   3 2 7 1
                    28   1 3 7 1
                    29   3 1 7 2
                    30   2 2 9 2
                    31   4 7 9 1
                    32   4 7 2 2
                    33   2 8 8 2
                    34   1 7 5 1
                    35   1 5 8 1
                    36   1 3 1 2
                    37   1 6 0 2
                    38   4 8 5 2
                    39   4 2 3 1
                    40   3 2 8 2
                    41   3 2 9 2
                    42   3 2 0 1
                    43   1 8 1 2
                    44   3 1 0 1
                    45   3 7 2 2
                    46   1 6 9 1
                    47   1 8 7 1
                    48   4 4 3 2
                    49   3 5 1 1
                    50   1 4 1 2
                    51   4 5 2 1
                    52   1 1 3 1
                    53   4 7 4 1
                    54   3 5 5 2
                    55   3 3 3 1
                    56   2 2 8 2
                    57   2 8 1 1
                    58   4 3 10 1
                    59   1 7 9 1
                    60   1 1 4 2
                    61   3 5 5 2
                    62   3 3 1 1
                    63   3 1 9 2
                    64   2 8 10 2
                    65   3 5 10 2
                    66   2 1 10 1
                    67   3 8 9 2
                    68   1 4 8 2
                    69   4 1 8 2
                    70   1 7 1 2
                    71   4 1 5 2
                    72   2 8 3 1
                    73   2 6 7 1
                    74   3 1 0 1
                    75   3 3 9 1
                    76   2 3 4 1
                    77   2 7 9 2
                    78   2 8 0 2
                    79   2 2 4 1
                    80   3 1 8 2;
param nombreMachine := 5;
param capaciteRessource : 1 2 3 4 :=
                    1     8 10 13 5
                    2     6 13 18 7
                    3     6 14 19 4
                    4     8 10 13 7
                    5     8 15 16 5
end;

