data;
param nombreTypeRessource := 4;
param nombreJob := 80;
param job duree := 1 9 2 4 3 7 4 6 5 8 6 9 7 8 8 5 9 10 10 7 11 10 12 6 13 1 14 2 15 10 16 6 17 9 18 2 19 8 20 1 21 3 22 1 23 7 24 4 25 3 26 2 27 8 28 3 29 5 30 6 31 9 32 8 33 8 34 3 35 8 36 8 37 2 38 7 39 6 40 6 41 4 42 6 43 7 44 9 45 6 46 3 47 2 48 8 49 5 50 6 51 10 52 6 53 10 54 8 55 8 56 9 57 1 58 2 59 10 60 5 61 1 62 10 63 10 64 5 65 1 66 8 67 9 68 1 69 5 70 6 71 10 72 9 73 2 74 10 75 9 76 6 77 9 78 1 79 3 80 6;
param besoinRessource : 1 2 3 4 :=
                    1   3 2 9 2
                    2   4 6 8 2
                    3   1 3 2 2
                    4   3 8 2 2
                    5   3 2 7 1
                    6   2 7 8 1
                    7   4 4 5 1
                    8   4 2 9 2
                    9   4 1 1 2
                    10   3 7 4 1
                    11   4 3 4 2
                    12   1 2 5 1
                    13   3 2 5 1
                    14   3 6 10 1
                    15   2 2 5 2
                    16   3 7 2 2
                    17   2 2 4 2
                    18   1 1 0 2
                    19   4 2 4 1
                    20   1 7 3 1
                    21   3 1 4 1
                    22   2 3 10 2
                    23   4 4 8 1
                    24   2 3 5 2
                    25   3 5 8 1
                    26   2 7 10 2
                    27   1 1 1 2
                    28   3 6 7 1
                    29   1 8 2 1
                    30   2 8 3 2
                    31   2 1 6 1
                    32   2 2 4 1
                    33   2 2 10 2
                    34   4 1 9 1
                    35   4 1 9 2
                    36   1 3 8 2
                    37   3 8 9 1
                    38   4 1 0 1
                    39   1 7 3 1
                    40   1 7 0 2
                    41   4 1 7 1
                    42   4 1 8 1
                    43   3 2 0 2
                    44   3 4 4 1
                    45   3 5 2 2
                    46   2 4 1 1
                    47   2 7 10 1
                    48   1 2 10 2
                    49   4 4 7 2
                    50   3 4 2 1
                    51   1 3 7 2
                    52   4 2 3 2
                    53   3 2 4 2
                    54   3 6 8 1
                    55   3 8 2 1
                    56   4 8 6 1
                    57   1 8 8 2
                    58   3 5 3 2
                    59   1 1 5 2
                    60   4 1 7 2
                    61   4 1 10 2
                    62   2 4 7 1
                    63   1 5 1 2
                    64   4 5 10 2
                    65   4 2 7 2
                    66   3 7 7 1
                    67   2 2 5 1
                    68   4 5 9 1
                    69   4 2 1 1
                    70   2 3 8 2
                    71   4 7 2 1
                    72   3 6 10 1
                    73   1 3 3 1
                    74   3 6 9 1
                    75   2 5 1 1
                    76   2 3 1 2
                    77   2 7 7 2
                    78   3 6 5 1
                    79   4 1 5 1
                    80   2 2 7 1;
param nombreMachine := 5;
param capaciteRessource : 1 2 3 4 :=
                    1     6 15 16 7
                    2     7 11 19 7
                    3     7 15 12 7
                    4     8 16 18 4
                    5     6 13 16 4
end;

