data;
param nombreTypeRessource := 4;
param nombreJob := 80;
param job duree := 1 2 2 4 3 10 4 6 5 8 6 4 7 2 8 10 9 10 10 5 11 8 12 6 13 2 14 2 15 2 16 9 17 3 18 6 19 2 20 1 21 8 22 5 23 3 24 3 25 1 26 3 27 2 28 6 29 2 30 6 31 5 32 10 33 3 34 2 35 1 36 3 37 4 38 10 39 10 40 2 41 6 42 2 43 1 44 9 45 5 46 2 47 1 48 6 49 5 50 9 51 3 52 10 53 5 54 3 55 4 56 1 57 8 58 6 59 9 60 5 61 8 62 7 63 4 64 5 65 6 66 9 67 1 68 1 69 2 70 10 71 6 72 6 73 10 74 1 75 2 76 1 77 5 78 10 79 7 80 2;
param besoinRessource : 1 2 3 4 :=
                    1   1 1 0 2
                    2   3 1 2 2
                    3   2 8 3 2
                    4   4 7 8 2
                    5   2 5 9 2
                    6   3 4 10 2
                    7   4 4 9 2
                    8   2 6 6 2
                    9   2 5 2 1
                    10   3 5 7 2
                    11   4 3 8 1
                    12   2 4 10 2
                    13   1 5 1 2
                    14   2 5 1 2
                    15   3 3 6 1
                    16   2 1 9 2
                    17   3 8 4 1
                    18   3 6 3 2
                    19   1 5 4 1
                    20   3 5 4 2
                    21   2 3 4 1
                    22   2 8 7 2
                    23   3 6 8 1
                    24   2 6 2 2
                    25   4 8 0 2
                    26   3 3 1 1
                    27   4 2 10 1
                    28   4 1 1 1
                    29   2 4 4 1
                    30   3 5 0 2
                    31   3 8 6 1
                    32   3 7 7 1
                    33   3 4 0 1
                    34   4 4 7 2
                    35   1 5 10 1
                    36   2 2 9 2
                    37   3 1 10 2
                    38   1 4 5 2
                    39   2 5 5 1
                    40   3 8 9 1
                    41   1 8 10 1
                    42   4 3 7 2
                    43   4 2 6 2
                    44   1 2 6 2
                    45   2 3 0 2
                    46   4 2 4 2
                    47   3 6 3 2
                    48   3 2 2 1
                    49   2 6 3 1
                    50   1 5 1 2
                    51   3 2 3 1
                    52   3 3 1 1
                    53   2 6 6 1
                    54   1 6 3 2
                    55   1 4 7 2
                    56   3 6 6 2
                    57   1 8 7 2
                    58   4 1 10 2
                    59   4 2 4 1
                    60   4 1 1 1
                    61   4 8 1 2
                    62   1 6 9 2
                    63   3 1 10 2
                    64   2 5 4 2
                    65   2 6 7 1
                    66   2 5 9 2
                    67   2 8 6 2
                    68   3 7 0 2
                    69   2 3 1 1
                    70   3 2 3 2
                    71   4 3 7 2
                    72   2 2 4 2
                    73   2 5 10 1
                    74   1 6 1 2
                    75   4 1 8 1
                    76   4 5 6 2
                    77   1 6 4 2
                    78   1 8 10 1
                    79   4 2 5 1
                    80   3 2 2 1;
param nombreMachine := 5;
param capaciteRessource : 1 2 3 4 :=
                    1     7 10 20 4
                    2     7 11 13 7
                    3     7 12 19 5
                    4     8 10 17 6
                    5     8 15 18 7
end;

