data;
param nombreTypeRessource := 4;
param nombreJob := 80;
param job duree := 1 1 2 10 3 6 4 5 5 10 6 3 7 1 8 7 9 2 10 7 11 2 12 1 13 2 14 3 15 1 16 4 17 7 18 3 19 2 20 4 21 5 22 9 23 4 24 7 25 8 26 5 27 9 28 4 29 2 30 8 31 8 32 3 33 6 34 2 35 7 36 9 37 8 38 4 39 2 40 7 41 10 42 2 43 9 44 3 45 1 46 9 47 2 48 7 49 6 50 1 51 5 52 3 53 1 54 7 55 10 56 6 57 6 58 10 59 9 60 10 61 3 62 10 63 7 64 9 65 5 66 2 67 3 68 2 69 4 70 6 71 1 72 10 73 10 74 9 75 2 76 1 77 5 78 1 79 9 80 6;
param besoinRessource : 1 2 3 4 :=
                    1   4 1 3 1
                    2   4 4 9 1
                    3   3 6 4 2
                    4   4 5 2 1
                    5   3 5 4 1
                    6   4 2 3 2
                    7   2 3 5 2
                    8   3 4 4 2
                    9   1 6 7 1
                    10   1 5 10 1
                    11   3 1 8 2
                    12   1 6 10 1
                    13   3 2 10 1
                    14   3 5 5 2
                    15   2 2 10 1
                    16   1 7 7 2
                    17   3 1 4 1
                    18   4 8 2 2
                    19   3 8 4 1
                    20   4 8 9 1
                    21   4 3 6 1
                    22   2 8 10 1
                    23   2 1 3 2
                    24   2 5 2 2
                    25   1 8 9 2
                    26   3 8 0 1
                    27   4 2 6 1
                    28   3 8 1 1
                    29   2 3 6 2
                    30   2 8 1 2
                    31   3 2 8 2
                    32   1 4 5 2
                    33   4 4 10 1
                    34   4 6 6 2
                    35   3 3 3 2
                    36   4 6 3 1
                    37   4 1 1 1
                    38   1 5 9 2
                    39   3 1 4 2
                    40   4 6 9 2
                    41   3 7 0 1
                    42   2 6 8 1
                    43   3 6 0 1
                    44   2 5 4 2
                    45   1 1 3 1
                    46   3 8 0 2
                    47   4 6 6 2
                    48   3 5 1 2
                    49   3 6 9 1
                    50   1 7 7 1
                    51   4 8 4 2
                    52   3 2 1 1
                    53   4 4 5 1
                    54   4 2 4 2
                    55   3 4 1 1
                    56   2 4 1 2
                    57   1 3 5 1
                    58   1 2 0 2
                    59   3 4 0 1
                    60   1 3 4 1
                    61   1 2 8 1
                    62   2 4 3 2
                    63   3 7 3 1
                    64   1 8 3 2
                    65   4 6 2 1
                    66   1 3 4 2
                    67   1 4 7 2
                    68   3 6 7 1
                    69   1 3 4 1
                    70   2 8 0 2
                    71   3 2 8 1
                    72   1 8 3 2
                    73   4 3 2 2
                    74   2 4 5 1
                    75   1 3 3 2
                    76   3 3 0 2
                    77   3 6 6 1
                    78   3 5 10 2
                    79   2 5 6 2
                    80   1 4 0 2;
param nombreMachine := 5;
param capaciteRessource : 1 2 3 4 :=
                    1     8 16 17 7
                    2     8 11 12 7
                    3     8 15 16 6
                    4     8 14 19 8
                    5     7 12 19 5
end;

