data;
param nombreTypeRessource := 4;
param nombreJob := 80;
param job duree := 1 1 2 8 3 6 4 4 5 9 6 4 7 1 8 4 9 7 10 5 11 7 12 4 13 5 14 10 15 5 16 1 17 2 18 4 19 4 20 4 21 1 22 3 23 9 24 4 25 3 26 6 27 8 28 5 29 3 30 3 31 1 32 4 33 8 34 7 35 10 36 2 37 6 38 8 39 9 40 10 41 4 42 9 43 1 44 5 45 1 46 3 47 9 48 5 49 9 50 1 51 6 52 1 53 10 54 8 55 3 56 5 57 6 58 6 59 5 60 4 61 5 62 9 63 2 64 3 65 3 66 9 67 8 68 5 69 10 70 1 71 10 72 10 73 10 74 6 75 9 76 7 77 6 78 9 79 8 80 4;
param besoinRessource : 1 2 3 4 :=
                    1   3 4 4 2
                    2   1 7 4 1
                    3   3 8 1 2
                    4   1 1 6 2
                    5   2 3 6 1
                    6   2 3 6 1
                    7   4 6 8 2
                    8   1 7 6 1
                    9   2 2 10 1
                    10   2 5 7 2
                    11   3 4 5 1
                    12   4 1 2 2
                    13   4 7 6 1
                    14   3 3 2 1
                    15   4 7 0 2
                    16   3 8 1 2
                    17   3 5 9 1
                    18   2 2 0 2
                    19   4 6 10 1
                    20   3 5 1 2
                    21   3 4 10 2
                    22   2 7 5 2
                    23   2 3 9 1
                    24   1 1 1 2
                    25   3 6 1 1
                    26   1 7 10 2
                    27   2 7 3 1
                    28   1 7 10 1
                    29   2 7 6 1
                    30   2 3 2 2
                    31   1 2 9 2
                    32   3 4 5 2
                    33   2 5 7 2
                    34   4 4 9 2
                    35   4 1 5 1
                    36   2 8 8 2
                    37   4 1 1 1
                    38   3 4 10 1
                    39   3 4 5 1
                    40   4 3 7 1
                    41   1 4 3 2
                    42   4 8 9 1
                    43   3 4 4 1
                    44   2 2 10 1
                    45   3 7 4 1
                    46   3 7 7 1
                    47   1 6 0 2
                    48   4 3 1 1
                    49   1 4 8 2
                    50   3 6 0 2
                    51   4 7 10 2
                    52   1 4 3 1
                    53   1 1 10 1
                    54   3 8 0 1
                    55   2 6 10 2
                    56   1 7 6 2
                    57   3 7 5 1
                    58   4 8 5 1
                    59   1 2 2 1
                    60   2 1 6 1
                    61   1 4 4 1
                    62   2 3 7 2
                    63   3 6 3 2
                    64   4 6 2 2
                    65   3 7 5 2
                    66   3 8 10 2
                    67   1 2 4 2
                    68   1 3 9 2
                    69   2 6 6 2
                    70   4 5 3 1
                    71   2 5 6 2
                    72   2 6 2 1
                    73   2 4 3 2
                    74   4 1 8 1
                    75   3 8 10 2
                    76   2 3 5 1
                    77   2 2 2 1
                    78   2 8 8 2
                    79   3 1 1 2
                    80   4 4 2 1;
param nombreMachine := 5;
param capaciteRessource : 1 2 3 4 :=
                    1     7 14 18 7
                    2     6 13 16 7
                    3     8 12 16 4
                    4     6 12 12 4
                    5     6 16 13 7
end;

