data;
param nombreTypeRessource := 4;
param nombreJob := 80;
param job duree := 1 8 2 9 3 7 4 2 5 7 6 8 7 4 8 5 9 4 10 3 11 1 12 7 13 2 14 2 15 4 16 1 17 1 18 5 19 4 20 3 21 3 22 3 23 10 24 1 25 9 26 3 27 1 28 10 29 7 30 2 31 4 32 1 33 2 34 8 35 2 36 8 37 8 38 5 39 3 40 3 41 10 42 7 43 3 44 6 45 5 46 1 47 4 48 2 49 3 50 6 51 2 52 9 53 3 54 9 55 5 56 1 57 5 58 7 59 3 60 7 61 10 62 3 63 2 64 3 65 2 66 3 67 3 68 1 69 3 70 6 71 9 72 9 73 9 74 9 75 9 76 6 77 1 78 7 79 4 80 8;
param besoinRessource : 1 2 3 4 :=
                    1   3 6 7 1
                    2   1 8 3 1
                    3   2 8 8 1
                    4   3 5 1 1
                    5   1 8 7 1
                    6   4 3 6 1
                    7   2 2 2 1
                    8   2 3 2 2
                    9   1 6 3 1
                    10   1 2 8 1
                    11   3 7 1 1
                    12   1 8 5 1
                    13   3 2 6 2
                    14   4 6 4 1
                    15   3 4 7 2
                    16   4 3 10 2
                    17   2 5 1 2
                    18   4 5 7 2
                    19   4 7 8 2
                    20   4 3 10 2
                    21   4 1 0 1
                    22   1 7 2 2
                    23   1 5 4 1
                    24   2 2 0 1
                    25   3 7 7 2
                    26   1 1 6 1
                    27   3 6 0 1
                    28   4 8 0 2
                    29   4 8 1 2
                    30   4 7 5 1
                    31   4 6 6 1
                    32   4 2 7 1
                    33   2 1 6 1
                    34   2 4 1 2
                    35   1 2 5 1
                    36   3 3 9 1
                    37   2 4 10 1
                    38   2 4 1 1
                    39   2 6 2 1
                    40   1 7 4 2
                    41   4 3 10 1
                    42   3 6 8 1
                    43   4 7 6 2
                    44   4 3 8 2
                    45   1 2 10 2
                    46   1 5 8 1
                    47   3 8 10 1
                    48   2 2 0 2
                    49   4 2 10 2
                    50   3 4 5 2
                    51   4 7 0 1
                    52   3 1 5 2
                    53   1 4 8 1
                    54   2 8 0 1
                    55   2 4 9 1
                    56   3 5 4 2
                    57   2 6 9 2
                    58   3 3 2 2
                    59   4 6 1 2
                    60   3 7 1 2
                    61   3 2 7 1
                    62   1 7 4 2
                    63   1 6 6 2
                    64   2 4 8 1
                    65   1 1 0 1
                    66   1 6 1 1
                    67   3 4 2 1
                    68   3 7 7 1
                    69   3 3 5 1
                    70   1 2 6 1
                    71   2 6 7 1
                    72   3 6 10 1
                    73   2 8 9 2
                    74   1 6 10 1
                    75   3 7 9 1
                    76   4 4 4 2
                    77   1 3 6 2
                    78   2 2 8 2
                    79   2 2 3 1
                    80   3 1 2 1;
param nombreMachine := 5;
param capaciteRessource : 1 2 3 4 :=
                    1     8 12 19 6
                    2     7 15 19 4
                    3     8 11 13 5
                    4     6 15 14 8
                    5     6 13 15 5
end;

