data;
param nombreTypeRessource := 4;
param nombreJob := 80;
param job duree := 1 5 2 1 3 2 4 1 5 2 6 7 7 1 8 4 9 7 10 9 11 4 12 1 13 7 14 2 15 10 16 5 17 6 18 6 19 4 20 4 21 10 22 9 23 8 24 10 25 5 26 7 27 10 28 8 29 3 30 9 31 8 32 2 33 2 34 3 35 8 36 5 37 4 38 1 39 5 40 1 41 6 42 2 43 6 44 2 45 10 46 1 47 2 48 3 49 4 50 8 51 9 52 3 53 5 54 2 55 8 56 6 57 10 58 3 59 8 60 2 61 1 62 7 63 4 64 7 65 5 66 1 67 2 68 5 69 8 70 7 71 8 72 6 73 9 74 2 75 10 76 2 77 7 78 5 79 7 80 5;
param besoinRessource : 1 2 3 4 :=
                    1   1 1 6 1
                    2   1 5 6 1
                    3   1 6 9 2
                    4   4 2 4 1
                    5   1 1 5 2
                    6   1 2 0 1
                    7   4 6 5 1
                    8   2 5 5 2
                    9   3 1 6 2
                    10   2 4 5 1
                    11   1 4 6 2
                    12   4 1 9 1
                    13   4 8 7 2
                    14   4 7 0 2
                    15   1 5 4 2
                    16   1 2 3 2
                    17   1 2 5 2
                    18   4 5 5 1
                    19   4 6 9 2
                    20   3 3 1 2
                    21   3 1 7 2
                    22   4 1 7 1
                    23   4 4 4 2
                    24   4 8 7 1
                    25   3 4 9 2
                    26   2 7 7 2
                    27   3 6 4 2
                    28   1 1 3 1
                    29   4 4 6 1
                    30   2 6 3 2
                    31   4 4 9 2
                    32   4 3 8 2
                    33   1 4 4 1
                    34   1 3 7 1
                    35   3 6 8 1
                    36   3 1 7 2
                    37   1 7 5 1
                    38   3 2 3 2
                    39   2 2 3 2
                    40   3 1 9 1
                    41   3 7 9 2
                    42   4 8 3 2
                    43   2 6 9 2
                    44   1 2 6 1
                    45   1 4 0 1
                    46   3 6 1 1
                    47   4 5 4 1
                    48   1 7 6 2
                    49   4 8 2 2
                    50   3 7 2 2
                    51   2 4 5 2
                    52   3 5 1 2
                    53   2 6 10 2
                    54   1 3 5 2
                    55   2 7 5 1
                    56   2 6 4 1
                    57   3 4 8 1
                    58   3 8 5 2
                    59   2 4 7 1
                    60   1 5 8 2
                    61   1 5 2 2
                    62   2 8 3 2
                    63   4 4 4 1
                    64   1 6 5 1
                    65   4 1 10 1
                    66   3 4 5 2
                    67   2 6 10 2
                    68   3 3 3 1
                    69   1 5 2 1
                    70   3 4 10 1
                    71   2 1 2 2
                    72   2 8 7 1
                    73   3 6 3 1
                    74   4 7 1 1
                    75   4 6 8 2
                    76   2 3 9 2
                    77   1 6 6 2
                    78   3 1 5 1
                    79   2 5 10 2
                    80   3 7 10 2;
param nombreMachine := 5;
param capaciteRessource : 1 2 3 4 :=
                    1     7 15 13 7
                    2     6 15 16 6
                    3     6 15 17 4
                    4     7 13 12 5
                    5     7 10 19 4
end;

