data;
param nombreTypeRessource := 4;
param nombreJob := 80;
param job duree := 1 2 2 10 3 8 4 8 5 4 6 5 7 3 8 4 9 2 10 6 11 10 12 7 13 10 14 4 15 8 16 7 17 7 18 6 19 3 20 3 21 4 22 4 23 1 24 9 25 4 26 9 27 4 28 3 29 9 30 1 31 4 32 10 33 7 34 9 35 8 36 7 37 8 38 3 39 5 40 7 41 7 42 1 43 6 44 5 45 4 46 4 47 5 48 7 49 7 50 9 51 10 52 4 53 10 54 2 55 4 56 9 57 6 58 5 59 3 60 7 61 4 62 4 63 3 64 3 65 6 66 6 67 1 68 7 69 9 70 8 71 4 72 5 73 10 74 7 75 5 76 5 77 1 78 9 79 1 80 6;
param besoinRessource : 1 2 3 4 :=
                    1   1 5 6 2
                    2   4 6 6 1
                    3   1 3 4 2
                    4   3 5 4 2
                    5   3 8 10 2
                    6   4 3 7 2
                    7   3 6 7 1
                    8   2 4 3 1
                    9   3 5 1 2
                    10   2 8 4 2
                    11   1 1 7 2
                    12   2 5 8 1
                    13   1 7 6 2
                    14   1 6 2 1
                    15   3 6 3 2
                    16   1 8 3 2
                    17   4 2 7 2
                    18   3 5 10 1
                    19   4 3 10 1
                    20   3 8 5 1
                    21   1 1 8 1
                    22   4 6 3 1
                    23   4 8 0 2
                    24   2 3 1 1
                    25   4 7 9 1
                    26   1 5 1 1
                    27   2 3 3 1
                    28   3 4 7 1
                    29   3 1 7 2
                    30   1 2 7 1
                    31   2 8 9 2
                    32   3 2 8 2
                    33   2 3 7 2
                    34   4 1 6 2
                    35   1 3 6 2
                    36   1 5 8 1
                    37   4 1 8 2
                    38   4 2 4 2
                    39   1 4 0 2
                    40   1 7 9 2
                    41   3 6 6 2
                    42   2 8 5 1
                    43   3 7 6 1
                    44   2 7 6 2
                    45   2 1 1 1
                    46   1 1 1 2
                    47   4 4 6 2
                    48   1 3 4 2
                    49   4 5 4 2
                    50   3 3 4 2
                    51   3 5 2 2
                    52   2 8 8 2
                    53   2 8 1 1
                    54   1 7 8 2
                    55   1 1 10 1
                    56   1 5 9 1
                    57   1 3 5 1
                    58   3 3 7 2
                    59   3 8 4 1
                    60   4 6 4 2
                    61   2 2 0 1
                    62   1 1 3 2
                    63   1 4 2 1
                    64   3 7 8 2
                    65   2 7 10 2
                    66   4 1 2 1
                    67   2 2 9 1
                    68   2 1 8 1
                    69   4 2 8 2
                    70   1 5 3 2
                    71   4 4 2 2
                    72   2 6 9 2
                    73   3 7 6 1
                    74   1 6 9 2
                    75   1 1 8 1
                    76   4 1 3 1
                    77   2 5 4 2
                    78   2 1 7 1
                    79   1 6 7 1
                    80   4 7 1 2;
param nombreMachine := 5;
param capaciteRessource : 1 2 3 4 :=
                    1     8 12 14 6
                    2     8 10 20 7
                    3     7 10 16 7
                    4     8 13 17 7
                    5     8 11 20 6
end;

