data;
param nombreTypeRessource := 4;
param nombreJob := 80;
param job duree := 1 6 2 3 3 6 4 3 5 9 6 8 7 8 8 5 9 1 10 7 11 1 12 8 13 6 14 7 15 2 16 9 17 2 18 4 19 6 20 4 21 9 22 4 23 2 24 4 25 3 26 8 27 7 28 7 29 8 30 6 31 5 32 6 33 9 34 8 35 2 36 5 37 10 38 3 39 7 40 9 41 1 42 3 43 3 44 7 45 1 46 10 47 4 48 5 49 4 50 3 51 5 52 2 53 8 54 1 55 9 56 1 57 4 58 8 59 9 60 1 61 7 62 10 63 7 64 2 65 5 66 2 67 9 68 6 69 9 70 10 71 8 72 2 73 2 74 10 75 2 76 5 77 8 78 3 79 8 80 5;
param besoinRessource : 1 2 3 4 :=
                    1   1 8 8 2
                    2   2 6 3 2
                    3   3 7 10 2
                    4   4 8 5 2
                    5   4 8 1 2
                    6   2 8 3 1
                    7   2 4 1 2
                    8   2 6 0 2
                    9   2 3 1 1
                    10   2 1 2 2
                    11   1 3 6 2
                    12   4 7 3 1
                    13   3 5 3 2
                    14   4 2 2 1
                    15   1 2 4 2
                    16   1 3 5 2
                    17   2 8 4 2
                    18   2 3 1 2
                    19   3 7 10 1
                    20   2 2 1 1
                    21   4 2 0 2
                    22   1 8 10 1
                    23   4 3 9 2
                    24   3 5 2 2
                    25   1 4 5 1
                    26   2 4 9 2
                    27   3 5 2 2
                    28   4 8 10 1
                    29   4 8 6 2
                    30   2 7 3 1
                    31   3 6 1 2
                    32   1 7 0 2
                    33   1 5 4 1
                    34   2 2 2 1
                    35   4 7 1 1
                    36   4 4 1 1
                    37   2 7 10 1
                    38   3 1 4 2
                    39   4 6 0 2
                    40   1 4 9 1
                    41   2 2 7 2
                    42   3 4 4 2
                    43   3 2 2 2
                    44   4 1 5 1
                    45   4 5 7 2
                    46   1 3 3 1
                    47   3 7 10 1
                    48   3 8 10 2
                    49   3 5 7 1
                    50   4 3 8 1
                    51   4 2 8 2
                    52   4 2 0 2
                    53   3 5 5 1
                    54   2 3 9 1
                    55   3 1 9 1
                    56   2 1 9 2
                    57   1 4 8 1
                    58   1 2 8 1
                    59   2 4 4 1
                    60   2 2 0 2
                    61   3 3 8 2
                    62   2 3 4 2
                    63   2 3 3 2
                    64   2 3 10 1
                    65   4 7 7 1
                    66   3 5 8 2
                    67   2 2 9 1
                    68   4 3 5 2
                    69   2 4 10 2
                    70   1 4 5 2
                    71   3 4 10 1
                    72   1 2 4 1
                    73   3 4 5 1
                    74   4 2 10 1
                    75   4 7 4 2
                    76   2 5 0 2
                    77   1 3 10 2
                    78   1 6 2 2
                    79   3 8 2 1
                    80   2 2 0 2;
param nombreMachine := 5;
param capaciteRessource : 1 2 3 4 :=
                    1     8 14 15 7
                    2     8 15 15 4
                    3     7 15 19 4
                    4     7 15 19 5
                    5     8 16 16 8
end;

