data;
param nombreTypeRessource := 4;
param nombreJob := 80;
param job duree := 1 2 2 3 3 3 4 10 5 1 6 10 7 6 8 7 9 8 10 3 11 9 12 10 13 6 14 7 15 10 16 3 17 5 18 10 19 1 20 2 21 10 22 2 23 2 24 3 25 9 26 3 27 6 28 1 29 3 30 6 31 6 32 4 33 10 34 2 35 4 36 7 37 2 38 1 39 10 40 5 41 5 42 4 43 10 44 1 45 2 46 1 47 1 48 6 49 8 50 6 51 3 52 10 53 1 54 2 55 3 56 5 57 7 58 1 59 5 60 10 61 3 62 4 63 1 64 9 65 1 66 6 67 1 68 6 69 5 70 10 71 6 72 1 73 4 74 1 75 5 76 10 77 5 78 3 79 1 80 10;
param besoinRessource : 1 2 3 4 :=
                    1   2 7 6 2
                    2   3 4 10 2
                    3   4 6 0 1
                    4   1 7 8 2
                    5   1 2 1 2
                    6   1 6 0 1
                    7   4 3 4 1
                    8   3 3 10 2
                    9   3 6 5 1
                    10   2 8 5 1
                    11   4 2 3 1
                    12   2 8 4 2
                    13   1 1 9 2
                    14   1 3 9 1
                    15   1 1 5 2
                    16   3 1 8 2
                    17   4 1 0 1
                    18   3 5 2 1
                    19   4 1 0 1
                    20   2 3 5 1
                    21   3 6 4 1
                    22   3 7 7 2
                    23   3 8 5 2
                    24   1 7 3 2
                    25   1 3 10 2
                    26   4 7 9 1
                    27   1 1 4 1
                    28   4 8 6 2
                    29   1 1 3 2
                    30   3 6 6 2
                    31   1 7 8 1
                    32   3 2 1 1
                    33   3 3 8 2
                    34   1 3 3 1
                    35   4 5 7 1
                    36   2 2 5 2
                    37   4 8 6 1
                    38   4 3 5 2
                    39   1 3 2 2
                    40   2 6 5 2
                    41   4 4 9 1
                    42   4 6 3 1
                    43   1 3 10 2
                    44   2 5 7 2
                    45   4 6 2 2
                    46   4 8 8 2
                    47   4 6 4 1
                    48   3 3 6 1
                    49   1 5 10 2
                    50   1 1 1 2
                    51   1 6 6 2
                    52   2 3 6 2
                    53   3 1 10 2
                    54   2 7 0 1
                    55   2 7 4 2
                    56   1 2 4 1
                    57   4 2 9 1
                    58   4 3 3 1
                    59   2 5 9 2
                    60   1 3 3 1
                    61   4 7 6 1
                    62   1 2 3 1
                    63   4 8 6 2
                    64   1 6 4 1
                    65   4 1 7 2
                    66   1 3 8 2
                    67   1 4 5 2
                    68   2 1 0 1
                    69   3 8 8 1
                    70   4 1 10 2
                    71   4 3 8 2
                    72   3 2 10 1
                    73   1 5 1 1
                    74   2 7 6 2
                    75   2 8 1 2
                    76   3 5 1 1
                    77   2 3 3 2
                    78   1 7 8 2
                    79   1 4 10 1
                    80   2 7 7 2;
param nombreMachine := 5;
param capaciteRessource : 1 2 3 4 :=
                    1     7 12 20 4
                    2     6 12 20 6
                    3     6 15 14 4
                    4     8 15 20 7
                    5     6 11 15 4
end;

