data;
param nombreTypeRessource := 4;
param nombreJob := 80;
param job duree := 1 8 2 6 3 3 4 7 5 1 6 5 7 3 8 4 9 4 10 4 11 1 12 5 13 6 14 6 15 4 16 9 17 1 18 1 19 2 20 7 21 7 22 1 23 4 24 7 25 5 26 5 27 2 28 4 29 9 30 7 31 1 32 5 33 8 34 2 35 7 36 2 37 5 38 3 39 7 40 8 41 8 42 4 43 8 44 8 45 1 46 4 47 5 48 8 49 6 50 9 51 1 52 4 53 1 54 4 55 1 56 7 57 5 58 8 59 8 60 8 61 9 62 7 63 2 64 6 65 1 66 1 67 4 68 1 69 7 70 1 71 6 72 1 73 3 74 5 75 2 76 3 77 10 78 8 79 6 80 8;
param besoinRessource : 1 2 3 4 :=
                    1   4 7 2 1
                    2   2 4 2 2
                    3   3 1 2 2
                    4   3 7 7 1
                    5   3 1 7 2
                    6   2 3 0 2
                    7   3 3 9 1
                    8   1 6 4 1
                    9   2 2 0 2
                    10   1 1 6 2
                    11   1 5 1 1
                    12   3 4 4 2
                    13   3 4 1 1
                    14   1 3 2 1
                    15   2 2 5 1
                    16   1 1 10 2
                    17   1 5 0 1
                    18   2 2 1 2
                    19   1 3 3 1
                    20   2 3 5 2
                    21   1 2 3 2
                    22   3 2 10 1
                    23   4 6 8 2
                    24   1 4 0 2
                    25   4 4 0 1
                    26   4 1 4 1
                    27   3 6 7 2
                    28   1 1 2 2
                    29   4 7 4 1
                    30   4 7 0 1
                    31   4 4 1 1
                    32   1 5 6 1
                    33   1 7 5 1
                    34   2 5 10 1
                    35   3 8 9 2
                    36   2 1 6 2
                    37   4 3 1 1
                    38   2 5 6 2
                    39   4 6 3 2
                    40   4 4 1 1
                    41   4 3 1 2
                    42   2 6 10 1
                    43   1 1 9 2
                    44   2 8 5 1
                    45   2 8 2 1
                    46   3 4 6 2
                    47   4 1 9 2
                    48   3 1 8 2
                    49   3 1 5 2
                    50   4 8 4 2
                    51   1 7 6 2
                    52   2 3 1 1
                    53   4 3 4 2
                    54   2 1 4 1
                    55   4 1 3 1
                    56   4 2 6 2
                    57   3 4 0 2
                    58   2 2 1 2
                    59   4 5 2 2
                    60   2 5 8 1
                    61   3 5 7 1
                    62   2 8 2 2
                    63   2 4 4 2
                    64   3 2 8 1
                    65   4 7 5 2
                    66   4 6 3 1
                    67   3 6 10 2
                    68   2 1 4 2
                    69   3 4 2 2
                    70   2 5 7 1
                    71   2 8 5 2
                    72   1 4 4 2
                    73   3 7 2 1
                    74   3 7 0 2
                    75   2 6 6 1
                    76   2 4 6 2
                    77   2 6 2 2
                    78   3 4 8 1
                    79   2 2 3 1
                    80   3 3 1 1;
param nombreMachine := 5;
param capaciteRessource : 1 2 3 4 :=
                    1     8 10 17 7
                    2     6 14 19 5
                    3     8 11 19 6
                    4     6 16 12 8
                    5     7 13 19 4
end;

