data;
param nombreTypeRessource := 4;
param nombreJob := 100;
param job duree := 1 9 2 10 3 8 4 6 5 6 6 7 7 9 8 3 9 7 10 1 11 3 12 2 13 10 14 7 15 4 16 4 17 7 18 4 19 2 20 8 21 8 22 4 23 8 24 5 25 10 26 7 27 5 28 6 29 1 30 7 31 7 32 2 33 10 34 6 35 5 36 8 37 5 38 3 39 9 40 6 41 2 42 2 43 2 44 9 45 1 46 9 47 8 48 2 49 3 50 5 51 4 52 1 53 7 54 9 55 6 56 7 57 6 58 7 59 5 60 3 61 4 62 8 63 9 64 3 65 7 66 5 67 10 68 4 69 1 70 8 71 8 72 6 73 3 74 9 75 9 76 3 77 1 78 10 79 10 80 1 81 7 82 1 83 10 84 4 85 2 86 8 87 4 88 3 89 6 90 6 91 8 92 2 93 2 94 4 95 4 96 9 97 1 98 10 99 7 100 7;
param besoinRessource : 1 2 3 4 :=
                    1   3 1 10 2
                    2   4 2 0 2
                    3   2 5 4 1
                    4   3 1 4 1
                    5   3 5 7 1
                    6   4 6 0 2
                    7   1 1 5 2
                    8   1 8 10 1
                    9   4 8 10 1
                    10   4 3 4 1
                    11   3 2 1 2
                    12   2 8 6 1
                    13   3 2 8 1
                    14   2 3 6 1
                    15   2 1 4 1
                    16   1 2 5 2
                    17   4 3 3 2
                    18   4 3 7 1
                    19   2 8 7 2
                    20   3 1 7 2
                    21   1 4 3 1
                    22   1 8 9 1
                    23   3 4 4 1
                    24   1 5 7 1
                    25   2 6 4 1
                    26   2 6 7 2
                    27   2 6 5 1
                    28   3 4 4 2
                    29   4 6 1 1
                    30   1 2 10 2
                    31   2 1 10 1
                    32   3 3 1 1
                    33   1 3 8 1
                    34   2 8 6 2
                    35   3 8 3 1
                    36   3 8 9 1
                    37   1 5 10 1
                    38   2 2 7 2
                    39   3 8 3 1
                    40   1 1 9 2
                    41   2 2 9 1
                    42   3 3 6 2
                    43   3 3 4 1
                    44   4 6 9 1
                    45   1 7 7 1
                    46   3 4 6 2
                    47   3 2 5 2
                    48   4 7 3 1
                    49   3 5 7 1
                    50   1 3 1 2
                    51   3 4 2 2
                    52   2 5 6 2
                    53   3 7 1 2
                    54   2 2 1 1
                    55   1 6 5 2
                    56   4 7 7 2
                    57   4 7 2 2
                    58   3 2 1 2
                    59   1 8 3 2
                    60   3 2 3 1
                    61   4 2 5 2
                    62   1 5 2 2
                    63   4 6 1 2
                    64   2 1 7 2
                    65   4 8 0 2
                    66   2 8 6 1
                    67   4 8 1 2
                    68   3 5 9 1
                    69   4 5 8 1
                    70   3 8 10 1
                    71   3 3 5 1
                    72   4 4 4 2
                    73   1 1 4 1
                    74   4 5 1 2
                    75   4 4 4 2
                    76   1 7 4 1
                    77   4 4 4 2
                    78   3 7 4 1
                    79   2 2 6 1
                    80   2 2 10 1
                    81   1 3 5 2
                    82   1 8 5 2
                    83   4 4 7 2
                    84   3 4 5 2
                    85   3 4 2 1
                    86   4 8 3 1
                    87   4 6 1 2
                    88   2 8 2 2
                    89   3 7 5 1
                    90   1 1 9 2
                    91   4 8 9 2
                    92   1 7 2 1
                    93   3 7 6 1
                    94   4 4 1 1
                    95   3 2 3 2
                    96   2 7 4 1
                    97   3 4 2 1
                    98   3 3 1 1
                    99   1 1 9 1
                    100   2 3 2 1;
param nombreMachine := 5;
param capaciteRessource : 1 2 3 4 :=
                    1     8 12 19 5
                    2     8 10 15 4
                    3     8 15 20 7
                    4     8 12 14 7
                    5     6 13 12 4
end;

