data;
param nombreTypeRessource := 4;
param nombreJob := 100;
param job duree := 1 10 2 2 3 5 4 5 5 2 6 4 7 9 8 2 9 5 10 3 11 4 12 1 13 3 14 8 15 6 16 10 17 1 18 7 19 2 20 4 21 6 22 10 23 4 24 7 25 1 26 10 27 7 28 5 29 1 30 2 31 2 32 4 33 7 34 10 35 7 36 2 37 9 38 8 39 5 40 7 41 6 42 6 43 5 44 1 45 10 46 3 47 10 48 6 49 9 50 4 51 1 52 4 53 3 54 3 55 10 56 6 57 7 58 9 59 7 60 9 61 1 62 1 63 5 64 7 65 9 66 1 67 3 68 8 69 1 70 1 71 6 72 8 73 7 74 5 75 7 76 9 77 9 78 2 79 6 80 5 81 4 82 9 83 10 84 9 85 5 86 1 87 5 88 2 89 3 90 6 91 9 92 5 93 5 94 8 95 4 96 9 97 6 98 8 99 9 100 5;
param besoinRessource : 1 2 3 4 :=
                    1   3 6 3 2
                    2   2 6 4 1
                    3   1 4 7 1
                    4   2 4 0 2
                    5   1 1 2 2
                    6   1 5 0 1
                    7   1 8 5 1
                    8   2 4 4 1
                    9   2 5 1 1
                    10   4 4 5 1
                    11   3 3 7 1
                    12   2 8 9 2
                    13   1 3 2 1
                    14   4 1 1 1
                    15   2 5 6 1
                    16   2 6 10 1
                    17   2 1 0 1
                    18   2 6 6 1
                    19   3 2 1 2
                    20   4 5 1 2
                    21   4 5 9 1
                    22   4 4 7 2
                    23   4 7 0 2
                    24   2 6 3 1
                    25   3 8 4 1
                    26   1 4 10 2
                    27   3 4 6 1
                    28   1 4 9 2
                    29   2 1 4 2
                    30   2 2 3 1
                    31   2 4 2 2
                    32   2 6 2 1
                    33   3 5 2 2
                    34   1 7 5 1
                    35   4 7 4 2
                    36   2 2 5 1
                    37   3 1 5 1
                    38   4 4 8 1
                    39   2 7 2 1
                    40   1 5 10 1
                    41   4 5 3 2
                    42   3 3 8 1
                    43   3 2 1 1
                    44   3 1 6 1
                    45   1 8 4 2
                    46   3 4 8 1
                    47   2 5 8 1
                    48   2 1 10 2
                    49   2 6 5 2
                    50   2 5 10 1
                    51   4 2 10 1
                    52   3 7 2 1
                    53   2 2 0 2
                    54   4 1 3 2
                    55   3 2 2 2
                    56   3 7 6 1
                    57   1 4 4 1
                    58   3 6 7 2
                    59   4 2 6 1
                    60   4 2 6 2
                    61   2 5 3 1
                    62   2 4 9 2
                    63   4 7 7 1
                    64   3 7 3 1
                    65   4 7 7 2
                    66   4 1 8 2
                    67   4 8 0 2
                    68   3 7 4 1
                    69   2 6 10 2
                    70   1 5 4 2
                    71   3 3 2 1
                    72   4 1 6 1
                    73   2 4 0 2
                    74   4 1 6 2
                    75   2 5 1 2
                    76   4 1 5 1
                    77   2 4 6 1
                    78   3 7 5 1
                    79   3 2 5 2
                    80   3 7 2 2
                    81   2 1 0 1
                    82   2 1 1 1
                    83   3 5 3 2
                    84   3 7 3 1
                    85   1 1 5 1
                    86   1 6 0 2
                    87   3 4 5 2
                    88   3 2 0 2
                    89   4 2 8 2
                    90   2 2 2 1
                    91   2 2 7 1
                    92   2 2 10 2
                    93   1 2 6 1
                    94   1 4 1 2
                    95   3 2 5 1
                    96   2 2 8 1
                    97   1 1 7 2
                    98   2 6 1 1
                    99   3 4 8 1
                    100   3 3 6 2;
param nombreMachine := 5;
param capaciteRessource : 1 2 3 4 :=
                    1     8 10 15 8
                    2     6 16 18 8
                    3     6 11 17 6
                    4     8 16 16 8
                    5     7 16 15 8
end;

