data;
param nombreTypeRessource := 4;
param nombreJob := 100;
param job duree := 1 2 2 1 3 5 4 9 5 4 6 3 7 4 8 5 9 5 10 1 11 7 12 2 13 1 14 10 15 6 16 7 17 3 18 9 19 8 20 7 21 5 22 3 23 4 24 9 25 9 26 8 27 8 28 4 29 6 30 2 31 3 32 6 33 8 34 1 35 10 36 7 37 6 38 9 39 8 40 3 41 5 42 4 43 7 44 8 45 10 46 9 47 3 48 6 49 7 50 2 51 7 52 3 53 9 54 9 55 8 56 5 57 9 58 10 59 10 60 7 61 5 62 7 63 1 64 3 65 10 66 8 67 4 68 9 69 8 70 8 71 8 72 3 73 1 74 1 75 5 76 5 77 7 78 9 79 9 80 10 81 10 82 4 83 1 84 10 85 9 86 10 87 10 88 7 89 3 90 3 91 10 92 9 93 5 94 10 95 6 96 3 97 5 98 5 99 6 100 7;
param besoinRessource : 1 2 3 4 :=
                    1   4 5 3 2
                    2   3 3 6 2
                    3   1 5 1 2
                    4   1 2 6 2
                    5   4 5 3 2
                    6   3 6 10 1
                    7   3 8 7 2
                    8   2 5 8 2
                    9   3 7 10 1
                    10   1 8 0 1
                    11   1 6 7 2
                    12   4 1 0 1
                    13   1 5 7 1
                    14   2 7 7 2
                    15   2 5 0 2
                    16   2 6 1 2
                    17   4 3 2 1
                    18   4 8 2 1
                    19   1 4 1 1
                    20   4 3 8 2
                    21   3 2 5 1
                    22   3 6 3 1
                    23   4 2 6 2
                    24   3 2 6 1
                    25   1 8 7 2
                    26   4 5 1 2
                    27   4 8 9 2
                    28   1 3 0 1
                    29   3 7 2 2
                    30   1 5 3 1
                    31   1 7 10 2
                    32   2 6 1 2
                    33   2 7 4 1
                    34   2 5 2 1
                    35   4 2 9 1
                    36   3 1 5 1
                    37   2 5 4 2
                    38   3 2 7 1
                    39   4 5 1 2
                    40   4 3 1 1
                    41   4 4 9 2
                    42   3 8 9 2
                    43   4 7 0 2
                    44   1 2 10 1
                    45   3 5 5 1
                    46   3 3 0 2
                    47   3 8 10 2
                    48   3 3 2 2
                    49   2 6 8 1
                    50   3 8 9 1
                    51   1 6 2 1
                    52   1 3 4 2
                    53   2 5 8 2
                    54   3 3 9 1
                    55   4 4 1 2
                    56   2 7 7 1
                    57   4 6 9 2
                    58   3 7 5 2
                    59   4 6 1 2
                    60   4 6 8 2
                    61   3 7 0 1
                    62   1 1 0 2
                    63   4 8 9 1
                    64   1 4 9 1
                    65   4 2 7 1
                    66   1 1 5 2
                    67   3 1 6 2
                    68   2 7 8 1
                    69   4 4 9 1
                    70   4 6 9 1
                    71   2 7 4 1
                    72   4 6 2 2
                    73   2 3 3 1
                    74   2 4 1 1
                    75   3 2 7 2
                    76   2 5 3 2
                    77   4 8 0 1
                    78   4 8 10 2
                    79   1 6 9 1
                    80   2 8 6 1
                    81   4 6 10 1
                    82   4 2 3 1
                    83   2 7 1 1
                    84   4 1 3 1
                    85   2 6 1 2
                    86   3 8 5 2
                    87   4 3 1 2
                    88   4 1 3 2
                    89   1 2 3 2
                    90   4 7 6 1
                    91   3 6 2 2
                    92   1 8 3 1
                    93   1 3 10 1
                    94   2 7 2 2
                    95   1 3 6 1
                    96   4 6 7 2
                    97   1 2 3 2
                    98   3 8 2 2
                    99   1 4 9 1
                    100   2 5 3 2;
param nombreMachine := 5;
param capaciteRessource : 1 2 3 4 :=
                    1     6 10 16 5
                    2     7 10 20 5
                    3     7 15 20 7
                    4     8 15 18 5
                    5     7 14 17 4
end;

