data;
param nombreTypeRessource := 4;
param nombreJob := 100;
param job duree := 1 8 2 2 3 8 4 6 5 1 6 7 7 7 8 1 9 7 10 2 11 1 12 7 13 8 14 9 15 3 16 6 17 2 18 3 19 4 20 7 21 4 22 4 23 1 24 8 25 7 26 5 27 9 28 5 29 8 30 5 31 10 32 1 33 9 34 5 35 3 36 6 37 10 38 9 39 9 40 6 41 9 42 7 43 2 44 8 45 6 46 8 47 6 48 2 49 9 50 8 51 10 52 10 53 1 54 5 55 7 56 5 57 3 58 2 59 4 60 8 61 5 62 2 63 10 64 10 65 7 66 2 67 8 68 3 69 2 70 5 71 7 72 4 73 9 74 5 75 8 76 2 77 8 78 6 79 6 80 1 81 2 82 4 83 7 84 10 85 1 86 8 87 1 88 6 89 6 90 7 91 7 92 4 93 6 94 4 95 4 96 2 97 8 98 3 99 2 100 5;
param besoinRessource : 1 2 3 4 :=
                    1   3 2 2 1
                    2   1 2 9 2
                    3   3 3 10 1
                    4   3 8 4 2
                    5   4 8 9 1
                    6   1 2 2 2
                    7   3 3 7 1
                    8   3 1 10 1
                    9   2 6 1 2
                    10   4 3 1 2
                    11   4 2 7 1
                    12   3 6 4 2
                    13   2 2 8 1
                    14   4 4 7 2
                    15   4 6 1 2
                    16   1 4 10 2
                    17   1 5 5 1
                    18   2 3 5 2
                    19   1 4 9 2
                    20   2 4 3 2
                    21   1 5 4 2
                    22   4 3 5 2
                    23   1 7 6 1
                    24   1 6 9 2
                    25   2 1 9 1
                    26   4 6 4 1
                    27   1 4 10 2
                    28   4 2 3 1
                    29   2 7 5 1
                    30   2 7 7 2
                    31   4 7 9 1
                    32   4 4 10 1
                    33   3 3 3 2
                    34   3 2 10 2
                    35   1 6 10 1
                    36   2 1 7 2
                    37   2 5 7 2
                    38   2 1 2 1
                    39   4 6 10 2
                    40   4 6 6 2
                    41   1 5 7 1
                    42   2 7 1 1
                    43   1 2 2 2
                    44   3 2 2 2
                    45   1 3 6 1
                    46   1 3 6 2
                    47   2 8 2 1
                    48   2 6 8 1
                    49   3 5 1 2
                    50   4 1 3 1
                    51   2 3 6 1
                    52   2 4 6 1
                    53   2 4 9 1
                    54   4 4 8 2
                    55   1 4 3 2
                    56   2 1 1 1
                    57   1 8 4 1
                    58   2 5 0 2
                    59   2 3 7 1
                    60   1 6 7 2
                    61   1 5 1 2
                    62   4 4 3 1
                    63   1 6 5 2
                    64   1 4 4 2
                    65   4 2 9 1
                    66   3 7 0 1
                    67   2 8 3 1
                    68   3 6 7 2
                    69   2 8 5 1
                    70   4 6 1 2
                    71   2 4 7 1
                    72   3 5 2 1
                    73   1 2 5 1
                    74   3 8 0 1
                    75   3 4 8 1
                    76   1 8 7 1
                    77   4 5 5 1
                    78   4 6 10 1
                    79   1 8 8 2
                    80   2 5 7 1
                    81   2 3 7 2
                    82   4 1 8 2
                    83   2 7 5 2
                    84   2 5 2 2
                    85   3 8 9 2
                    86   1 8 7 2
                    87   1 8 5 2
                    88   1 2 8 1
                    89   3 3 1 2
                    90   2 7 7 1
                    91   3 6 9 2
                    92   3 4 5 1
                    93   4 7 6 2
                    94   4 1 2 1
                    95   2 2 2 2
                    96   3 3 8 1
                    97   3 5 0 1
                    98   4 8 6 1
                    99   1 6 6 1
                    100   3 6 0 1;
param nombreMachine := 5;
param capaciteRessource : 1 2 3 4 :=
                    1     8 16 15 7
                    2     7 15 15 6
                    3     6 13 12 6
                    4     6 16 16 5
                    5     8 16 15 8
end;

