data;
param nombreTypeRessource := 4;
param nombreJob := 100;
param job duree := 1 7 2 2 3 3 4 7 5 7 6 4 7 5 8 5 9 3 10 2 11 9 12 7 13 9 14 9 15 2 16 8 17 2 18 8 19 4 20 3 21 10 22 6 23 8 24 5 25 8 26 4 27 2 28 6 29 4 30 9 31 5 32 7 33 8 34 8 35 8 36 6 37 5 38 5 39 2 40 9 41 3 42 1 43 10 44 4 45 10 46 9 47 7 48 6 49 5 50 5 51 5 52 9 53 10 54 10 55 7 56 7 57 8 58 5 59 4 60 4 61 10 62 1 63 9 64 7 65 4 66 4 67 7 68 8 69 4 70 5 71 5 72 9 73 1 74 7 75 1 76 6 77 10 78 2 79 3 80 8 81 7 82 8 83 10 84 9 85 1 86 2 87 5 88 2 89 5 90 9 91 6 92 2 93 9 94 6 95 1 96 8 97 4 98 7 99 5 100 8;
param besoinRessource : 1 2 3 4 :=
                    1   4 7 9 2
                    2   2 1 7 1
                    3   2 5 1 1
                    4   3 7 4 2
                    5   1 8 7 1
                    6   4 4 8 2
                    7   1 4 8 1
                    8   3 3 3 1
                    9   2 2 6 1
                    10   3 6 5 1
                    11   1 2 4 1
                    12   3 1 4 1
                    13   1 6 2 2
                    14   4 7 7 2
                    15   2 5 9 1
                    16   2 6 4 1
                    17   2 6 7 2
                    18   1 3 0 2
                    19   3 7 1 2
                    20   3 7 3 2
                    21   1 5 8 1
                    22   3 8 8 2
                    23   1 8 4 1
                    24   3 7 1 2
                    25   3 8 5 1
                    26   1 7 5 2
                    27   4 4 4 1
                    28   3 6 8 1
                    29   2 7 9 1
                    30   2 6 9 2
                    31   3 1 2 2
                    32   1 7 3 1
                    33   3 6 3 2
                    34   4 2 7 2
                    35   4 4 8 1
                    36   1 4 9 2
                    37   1 5 5 2
                    38   2 2 3 2
                    39   3 5 6 2
                    40   1 6 6 1
                    41   2 7 4 2
                    42   4 1 6 1
                    43   4 8 2 2
                    44   2 6 5 2
                    45   1 4 4 1
                    46   3 2 1 1
                    47   3 7 2 1
                    48   4 7 2 1
                    49   1 2 0 2
                    50   1 2 5 2
                    51   1 3 2 1
                    52   3 6 4 2
                    53   4 5 5 1
                    54   1 8 9 1
                    55   1 7 3 1
                    56   3 4 0 1
                    57   2 5 3 2
                    58   2 7 5 1
                    59   4 5 6 1
                    60   4 4 10 1
                    61   3 5 5 1
                    62   1 6 7 1
                    63   3 8 5 1
                    64   4 5 6 2
                    65   1 1 3 1
                    66   2 4 7 2
                    67   4 6 3 1
                    68   3 5 10 2
                    69   3 6 2 2
                    70   2 8 10 1
                    71   3 7 9 2
                    72   4 4 0 1
                    73   1 5 3 1
                    74   2 2 3 2
                    75   2 4 5 1
                    76   4 4 4 1
                    77   2 8 5 2
                    78   3 2 1 1
                    79   4 5 3 1
                    80   1 2 5 2
                    81   2 7 3 2
                    82   2 3 9 2
                    83   3 3 8 2
                    84   2 2 2 2
                    85   1 7 8 1
                    86   3 3 0 2
                    87   4 2 6 2
                    88   1 4 8 1
                    89   2 5 10 2
                    90   3 5 4 2
                    91   1 1 9 1
                    92   3 3 3 2
                    93   1 3 0 2
                    94   1 3 10 1
                    95   4 8 10 1
                    96   4 3 7 1
                    97   2 6 9 2
                    98   2 7 2 1
                    99   2 2 0 1
                    100   4 8 9 1;
param nombreMachine := 5;
param capaciteRessource : 1 2 3 4 :=
                    1     7 16 18 6
                    2     7 14 16 4
                    3     6 14 14 7
                    4     7 13 13 5
                    5     6 15 12 6
end;

