data;
param nombreTypeRessource := 4;
param nombreJob := 100;
param job duree := 1 7 2 8 3 10 4 9 5 8 6 6 7 6 8 7 9 8 10 9 11 4 12 5 13 9 14 2 15 7 16 7 17 7 18 9 19 1 20 5 21 5 22 5 23 2 24 8 25 1 26 3 27 8 28 7 29 3 30 10 31 10 32 10 33 4 34 4 35 2 36 6 37 10 38 3 39 1 40 1 41 2 42 6 43 6 44 10 45 7 46 10 47 4 48 10 49 10 50 3 51 3 52 5 53 4 54 6 55 6 56 10 57 1 58 9 59 3 60 9 61 10 62 8 63 1 64 6 65 10 66 1 67 2 68 10 69 5 70 5 71 2 72 8 73 8 74 8 75 6 76 5 77 1 78 10 79 2 80 1 81 5 82 4 83 5 84 9 85 4 86 2 87 8 88 9 89 9 90 7 91 9 92 2 93 10 94 9 95 2 96 4 97 6 98 10 99 2 100 7;
param besoinRessource : 1 2 3 4 :=
                    1   1 5 3 1
                    2   3 6 10 1
                    3   2 4 5 2
                    4   3 7 9 1
                    5   1 3 0 1
                    6   3 4 5 2
                    7   1 5 10 2
                    8   3 6 0 2
                    9   4 8 7 2
                    10   3 7 3 2
                    11   2 3 6 1
                    12   1 5 0 1
                    13   2 3 8 2
                    14   3 4 1 2
                    15   4 7 0 1
                    16   2 3 10 1
                    17   3 7 0 1
                    18   3 6 8 1
                    19   4 4 7 1
                    20   3 8 3 2
                    21   4 1 3 2
                    22   3 4 9 2
                    23   3 7 4 2
                    24   4 5 7 1
                    25   3 2 0 2
                    26   1 1 1 2
                    27   2 5 10 1
                    28   3 2 8 1
                    29   3 1 1 2
                    30   3 8 0 2
                    31   3 2 0 2
                    32   4 3 6 2
                    33   3 8 6 2
                    34   1 1 10 2
                    35   1 4 5 1
                    36   3 6 6 2
                    37   2 7 5 2
                    38   3 7 0 2
                    39   2 1 8 2
                    40   1 2 9 2
                    41   2 4 0 2
                    42   4 2 1 2
                    43   3 4 0 1
                    44   4 1 10 1
                    45   2 4 3 1
                    46   2 5 0 2
                    47   2 2 7 1
                    48   1 3 0 1
                    49   1 8 9 2
                    50   3 6 9 2
                    51   2 4 7 2
                    52   4 4 4 1
                    53   4 8 0 1
                    54   4 5 6 2
                    55   1 4 8 2
                    56   3 1 4 1
                    57   2 6 6 1
                    58   1 4 4 2
                    59   1 8 1 2
                    60   1 1 2 2
                    61   2 1 3 1
                    62   3 7 4 1
                    63   1 5 10 2
                    64   1 7 1 2
                    65   3 5 5 2
                    66   3 5 2 2
                    67   2 8 6 2
                    68   4 6 0 2
                    69   3 8 1 1
                    70   1 2 0 2
                    71   2 8 3 2
                    72   2 8 0 1
                    73   4 2 9 1
                    74   3 6 3 2
                    75   2 4 8 2
                    76   3 5 10 1
                    77   2 6 7 1
                    78   4 6 0 2
                    79   2 4 7 1
                    80   3 7 5 1
                    81   1 2 4 1
                    82   1 4 2 1
                    83   4 2 8 2
                    84   4 5 7 2
                    85   2 5 9 2
                    86   2 1 7 1
                    87   4 4 4 1
                    88   1 6 4 1
                    89   4 4 7 1
                    90   4 6 0 1
                    91   3 4 1 2
                    92   3 7 0 1
                    93   3 6 6 1
                    94   3 5 3 2
                    95   1 3 8 1
                    96   4 6 8 2
                    97   2 8 2 1
                    98   1 5 5 2
                    99   4 8 1 2
                    100   3 6 10 2;
param nombreMachine := 5;
param capaciteRessource : 1 2 3 4 :=
                    1     7 13 20 6
                    2     8 12 14 6
                    3     7 14 16 5
                    4     8 14 18 7
                    5     8 13 20 4
end;

