data;
param nombreTypeRessource := 4;
param nombreJob := 100;
param job duree := 1 6 2 2 3 9 4 2 5 3 6 6 7 9 8 4 9 5 10 5 11 6 12 1 13 10 14 8 15 4 16 7 17 6 18 9 19 6 20 9 21 6 22 10 23 6 24 2 25 2 26 2 27 2 28 2 29 8 30 10 31 6 32 8 33 4 34 6 35 5 36 9 37 6 38 8 39 1 40 2 41 1 42 5 43 10 44 10 45 3 46 10 47 4 48 3 49 5 50 7 51 6 52 5 53 4 54 6 55 10 56 6 57 7 58 9 59 4 60 5 61 7 62 8 63 5 64 8 65 6 66 7 67 4 68 2 69 4 70 4 71 7 72 8 73 5 74 9 75 2 76 9 77 1 78 8 79 7 80 9 81 4 82 2 83 5 84 1 85 4 86 1 87 3 88 7 89 5 90 7 91 8 92 1 93 1 94 5 95 3 96 9 97 7 98 9 99 6 100 9;
param besoinRessource : 1 2 3 4 :=
                    1   1 7 5 2
                    2   2 2 1 1
                    3   2 6 6 2
                    4   1 6 6 1
                    5   4 8 0 2
                    6   4 4 10 1
                    7   1 5 9 2
                    8   4 6 6 1
                    9   1 7 2 2
                    10   1 2 9 1
                    11   4 3 4 1
                    12   3 6 3 1
                    13   2 7 10 1
                    14   2 2 10 1
                    15   2 3 2 1
                    16   2 7 3 1
                    17   2 3 9 2
                    18   2 2 2 2
                    19   1 2 2 2
                    20   2 5 10 1
                    21   1 7 8 1
                    22   4 6 4 2
                    23   4 1 2 2
                    24   2 7 4 2
                    25   1 3 9 1
                    26   3 7 3 2
                    27   1 7 6 1
                    28   3 5 6 2
                    29   3 3 9 1
                    30   2 1 1 2
                    31   1 4 8 1
                    32   1 2 5 1
                    33   3 1 4 1
                    34   2 2 10 1
                    35   3 7 7 1
                    36   3 2 1 2
                    37   2 2 0 2
                    38   1 4 7 2
                    39   3 3 9 2
                    40   1 6 8 1
                    41   3 5 8 1
                    42   1 1 2 2
                    43   4 8 9 1
                    44   1 3 5 1
                    45   3 3 4 1
                    46   4 6 3 2
                    47   2 2 9 1
                    48   2 7 10 2
                    49   2 5 5 2
                    50   2 7 10 1
                    51   4 5 1 1
                    52   2 7 3 2
                    53   3 2 6 2
                    54   4 3 0 2
                    55   3 4 5 1
                    56   4 5 8 2
                    57   2 3 0 1
                    58   3 5 10 2
                    59   2 7 8 1
                    60   3 1 5 2
                    61   3 1 7 1
                    62   2 4 3 1
                    63   2 3 2 1
                    64   4 6 3 2
                    65   3 8 4 1
                    66   1 7 1 1
                    67   2 4 2 1
                    68   3 2 9 2
                    69   4 7 4 2
                    70   1 4 10 1
                    71   4 3 6 2
                    72   4 6 2 2
                    73   2 2 7 2
                    74   4 8 0 2
                    75   1 7 5 1
                    76   1 3 0 1
                    77   3 2 10 1
                    78   2 5 7 1
                    79   3 6 1 1
                    80   1 4 5 1
                    81   4 8 4 2
                    82   3 5 8 2
                    83   4 1 3 1
                    84   2 3 4 1
                    85   3 8 10 1
                    86   3 1 8 2
                    87   2 7 0 1
                    88   1 4 0 2
                    89   3 1 2 1
                    90   4 3 4 1
                    91   4 8 6 1
                    92   3 8 5 1
                    93   4 1 6 1
                    94   3 3 9 1
                    95   4 2 2 2
                    96   4 7 3 1
                    97   4 2 3 2
                    98   3 8 9 2
                    99   2 4 8 1
                    100   1 5 3 1;
param nombreMachine := 5;
param capaciteRessource : 1 2 3 4 :=
                    1     7 11 12 6
                    2     8 14 19 5
                    3     8 15 16 6
                    4     6 13 17 6
                    5     6 14 17 5
end;

