data;
param nombreTypeRessource := 4;
param nombreJob := 100;
param job duree := 1 3 2 6 3 1 4 1 5 9 6 2 7 6 8 5 9 10 10 4 11 2 12 8 13 3 14 4 15 7 16 4 17 9 18 10 19 9 20 6 21 8 22 9 23 4 24 6 25 1 26 10 27 4 28 10 29 8 30 9 31 4 32 8 33 4 34 3 35 8 36 7 37 10 38 4 39 8 40 7 41 4 42 8 43 10 44 7 45 8 46 9 47 4 48 8 49 6 50 4 51 8 52 2 53 2 54 7 55 1 56 5 57 3 58 4 59 3 60 10 61 8 62 2 63 2 64 5 65 1 66 1 67 7 68 6 69 3 70 10 71 9 72 7 73 8 74 9 75 5 76 6 77 4 78 10 79 10 80 10 81 9 82 2 83 2 84 6 85 6 86 4 87 1 88 2 89 7 90 1 91 6 92 6 93 2 94 9 95 2 96 2 97 1 98 2 99 3 100 6;
param besoinRessource : 1 2 3 4 :=
                    1   1 7 7 1
                    2   2 2 8 1
                    3   2 3 5 1
                    4   2 2 6 1
                    5   2 4 5 1
                    6   1 3 3 1
                    7   3 5 6 1
                    8   4 3 7 1
                    9   1 2 4 2
                    10   3 4 2 2
                    11   1 2 0 2
                    12   2 3 3 1
                    13   2 1 6 2
                    14   1 3 0 1
                    15   4 7 3 1
                    16   1 5 8 1
                    17   3 6 1 2
                    18   1 8 0 2
                    19   3 2 3 2
                    20   3 4 9 2
                    21   4 2 4 1
                    22   2 6 9 1
                    23   1 6 0 2
                    24   1 5 6 1
                    25   3 7 1 2
                    26   2 8 6 1
                    27   4 8 4 2
                    28   3 7 10 1
                    29   3 3 8 1
                    30   3 5 8 1
                    31   4 6 10 1
                    32   3 1 10 2
                    33   1 4 4 1
                    34   1 6 2 2
                    35   4 6 2 2
                    36   3 1 5 2
                    37   4 2 5 2
                    38   4 8 10 2
                    39   1 1 1 1
                    40   1 2 3 2
                    41   4 5 2 2
                    42   4 8 3 1
                    43   2 2 3 1
                    44   1 1 1 2
                    45   3 4 10 2
                    46   4 2 9 2
                    47   3 3 1 2
                    48   1 1 4 1
                    49   2 1 10 2
                    50   2 2 0 2
                    51   3 8 4 1
                    52   4 8 3 1
                    53   1 2 8 2
                    54   3 5 9 1
                    55   2 1 7 1
                    56   4 5 4 1
                    57   4 2 0 1
                    58   3 2 6 1
                    59   1 5 2 2
                    60   2 1 9 1
                    61   2 2 8 1
                    62   2 3 8 1
                    63   2 8 7 1
                    64   3 2 1 1
                    65   3 7 6 1
                    66   2 2 2 1
                    67   4 2 5 1
                    68   4 5 0 2
                    69   1 1 4 1
                    70   4 1 1 2
                    71   4 4 4 2
                    72   1 4 10 2
                    73   3 1 6 1
                    74   2 1 2 2
                    75   2 2 5 2
                    76   3 5 5 1
                    77   3 2 1 2
                    78   2 2 5 1
                    79   4 1 6 2
                    80   1 7 7 2
                    81   4 2 1 2
                    82   2 7 8 1
                    83   1 2 9 2
                    84   3 3 5 2
                    85   2 2 4 2
                    86   4 5 8 2
                    87   4 4 5 1
                    88   2 8 5 1
                    89   3 8 10 2
                    90   4 5 8 2
                    91   3 1 6 1
                    92   3 7 0 2
                    93   4 2 5 2
                    94   2 6 0 1
                    95   1 1 7 2
                    96   3 5 2 1
                    97   2 5 9 2
                    98   2 8 6 1
                    99   2 6 9 2
                    100   1 6 10 1;
param nombreMachine := 5;
param capaciteRessource : 1 2 3 4 :=
                    1     8 10 19 8
                    2     8 16 12 8
                    3     7 15 19 8
                    4     6 15 12 6
                    5     6 11 13 7
end;

