data;
param nombreTypeRessource := 4;
param nombreJob := 100;
param job duree := 1 10 2 1 3 10 4 2 5 7 6 3 7 8 8 1 9 3 10 8 11 7 12 4 13 2 14 3 15 2 16 7 17 1 18 10 19 3 20 5 21 10 22 3 23 7 24 5 25 5 26 3 27 10 28 10 29 5 30 9 31 5 32 8 33 10 34 10 35 10 36 8 37 2 38 1 39 3 40 4 41 1 42 7 43 1 44 2 45 4 46 2 47 10 48 3 49 4 50 9 51 4 52 1 53 2 54 1 55 9 56 4 57 9 58 8 59 4 60 9 61 1 62 8 63 9 64 3 65 8 66 7 67 10 68 1 69 7 70 2 71 8 72 5 73 5 74 2 75 3 76 7 77 5 78 3 79 8 80 8 81 7 82 7 83 9 84 9 85 3 86 4 87 5 88 7 89 6 90 8 91 7 92 6 93 7 94 2 95 8 96 4 97 10 98 3 99 7 100 6;
param besoinRessource : 1 2 3 4 :=
                    1   1 8 6 1
                    2   2 6 2 1
                    3   2 8 9 1
                    4   3 5 8 1
                    5   1 2 0 2
                    6   1 1 0 2
                    7   2 7 5 1
                    8   2 5 10 1
                    9   4 8 8 2
                    10   4 2 6 1
                    11   1 4 7 1
                    12   1 6 0 2
                    13   2 5 7 1
                    14   2 7 4 2
                    15   4 3 3 2
                    16   2 2 7 2
                    17   3 7 10 2
                    18   4 2 8 1
                    19   1 5 2 2
                    20   4 3 3 2
                    21   2 7 8 2
                    22   1 1 1 2
                    23   2 7 2 2
                    24   4 4 8 1
                    25   4 1 4 2
                    26   4 4 8 1
                    27   4 6 10 2
                    28   4 4 7 1
                    29   4 5 1 1
                    30   2 6 1 1
                    31   3 1 2 2
                    32   1 8 0 1
                    33   2 8 10 1
                    34   4 4 0 2
                    35   3 7 7 1
                    36   3 3 4 2
                    37   3 8 10 1
                    38   1 1 3 2
                    39   1 6 0 2
                    40   4 6 1 1
                    41   4 2 0 1
                    42   1 5 10 2
                    43   2 3 1 2
                    44   3 7 6 2
                    45   1 7 3 1
                    46   3 2 8 1
                    47   3 5 5 2
                    48   4 2 1 1
                    49   4 7 7 2
                    50   4 3 4 2
                    51   3 3 2 1
                    52   1 4 1 2
                    53   2 5 6 1
                    54   1 2 5 1
                    55   4 8 1 1
                    56   2 1 2 1
                    57   4 7 9 2
                    58   4 5 4 2
                    59   2 8 4 2
                    60   4 2 8 2
                    61   3 1 6 1
                    62   4 4 3 1
                    63   4 6 6 2
                    64   2 1 9 2
                    65   1 8 1 2
                    66   1 3 3 1
                    67   1 6 8 1
                    68   2 8 6 1
                    69   2 1 8 1
                    70   2 8 0 2
                    71   2 3 6 2
                    72   2 5 0 2
                    73   2 8 2 2
                    74   1 2 8 1
                    75   2 7 9 1
                    76   3 6 7 2
                    77   2 7 8 2
                    78   3 5 5 1
                    79   2 4 9 2
                    80   4 8 10 2
                    81   2 2 5 2
                    82   4 2 4 2
                    83   3 6 7 1
                    84   1 4 2 2
                    85   1 1 7 2
                    86   1 2 10 2
                    87   4 2 2 2
                    88   2 1 3 1
                    89   3 8 4 2
                    90   2 2 2 2
                    91   4 7 8 2
                    92   3 8 3 1
                    93   4 8 3 1
                    94   2 7 8 1
                    95   4 6 9 1
                    96   2 6 9 2
                    97   1 3 7 1
                    98   4 6 10 1
                    99   1 6 5 1
                    100   1 5 5 1;
param nombreMachine := 5;
param capaciteRessource : 1 2 3 4 :=
                    1     8 10 19 4
                    2     7 12 20 6
                    3     6 14 18 6
                    4     8 12 14 8
                    5     7 16 13 8
end;

