data;
param nombreTypeRessource := 4;
param nombreJob := 100;
param job duree := 1 3 2 9 3 10 4 4 5 10 6 8 7 1 8 7 9 7 10 2 11 6 12 1 13 6 14 1 15 5 16 3 17 1 18 4 19 9 20 2 21 9 22 1 23 10 24 8 25 9 26 4 27 7 28 6 29 1 30 1 31 8 32 6 33 4 34 1 35 3 36 2 37 10 38 1 39 8 40 3 41 6 42 2 43 5 44 10 45 7 46 5 47 3 48 7 49 2 50 7 51 3 52 5 53 1 54 5 55 6 56 5 57 3 58 1 59 4 60 7 61 5 62 1 63 5 64 6 65 3 66 3 67 9 68 5 69 8 70 10 71 7 72 1 73 9 74 7 75 1 76 5 77 5 78 8 79 9 80 4 81 2 82 9 83 2 84 1 85 2 86 1 87 8 88 9 89 5 90 6 91 6 92 5 93 7 94 7 95 6 96 6 97 10 98 7 99 4 100 5;
param besoinRessource : 1 2 3 4 :=
                    1   3 4 5 2
                    2   2 4 8 1
                    3   3 2 0 2
                    4   1 7 4 1
                    5   3 4 6 2
                    6   4 1 3 1
                    7   4 8 7 1
                    8   3 2 9 1
                    9   1 3 8 2
                    10   2 6 8 1
                    11   2 4 10 2
                    12   2 6 8 2
                    13   1 5 5 2
                    14   1 4 9 2
                    15   3 5 3 2
                    16   2 5 6 1
                    17   3 3 4 2
                    18   2 3 1 1
                    19   3 5 2 1
                    20   1 2 5 1
                    21   2 3 6 1
                    22   1 6 8 1
                    23   4 2 10 2
                    24   1 6 0 2
                    25   2 8 10 2
                    26   4 2 2 2
                    27   1 1 2 2
                    28   1 8 6 2
                    29   4 6 2 1
                    30   4 5 3 2
                    31   1 7 6 1
                    32   2 2 2 1
                    33   2 8 10 2
                    34   4 5 0 2
                    35   3 3 0 2
                    36   2 1 1 2
                    37   3 2 10 2
                    38   1 1 10 2
                    39   1 2 0 2
                    40   3 4 1 2
                    41   4 4 4 1
                    42   2 6 10 1
                    43   3 8 0 2
                    44   2 8 3 2
                    45   1 4 9 2
                    46   3 7 9 1
                    47   4 7 4 2
                    48   2 2 8 2
                    49   1 1 3 1
                    50   3 1 10 1
                    51   3 5 0 1
                    52   2 1 4 2
                    53   1 5 7 1
                    54   3 8 6 1
                    55   4 1 0 2
                    56   3 6 0 2
                    57   4 3 7 2
                    58   3 1 9 2
                    59   2 6 3 2
                    60   1 2 3 2
                    61   2 8 1 1
                    62   3 1 3 1
                    63   3 8 2 1
                    64   4 6 9 1
                    65   4 7 3 2
                    66   3 5 3 1
                    67   1 7 3 1
                    68   1 3 10 1
                    69   2 4 7 1
                    70   1 5 6 1
                    71   3 5 1 2
                    72   2 7 1 1
                    73   1 8 10 1
                    74   2 5 2 2
                    75   1 5 10 2
                    76   4 7 8 2
                    77   3 3 7 2
                    78   4 7 2 1
                    79   1 1 2 1
                    80   4 8 10 1
                    81   1 3 4 2
                    82   3 6 1 2
                    83   1 4 7 1
                    84   1 2 7 2
                    85   1 6 4 1
                    86   3 6 2 1
                    87   4 6 6 1
                    88   3 8 6 1
                    89   4 4 1 1
                    90   1 4 2 2
                    91   4 2 9 1
                    92   3 4 1 1
                    93   2 8 7 2
                    94   3 7 9 2
                    95   2 8 6 2
                    96   2 7 4 2
                    97   1 7 5 1
                    98   1 4 2 2
                    99   3 4 9 2
                    100   1 7 9 1;
param nombreMachine := 5;
param capaciteRessource : 1 2 3 4 :=
                    1     7 12 19 7
                    2     6 10 20 4
                    3     6 13 13 4
                    4     8 16 13 8
                    5     6 14 12 6
end;

