data;
param nombreTypeRessource := 4;
param nombreJob := 100;
param job duree := 1 9 2 4 3 8 4 7 5 10 6 1 7 6 8 9 9 4 10 10 11 10 12 5 13 4 14 10 15 9 16 8 17 2 18 6 19 9 20 1 21 3 22 10 23 8 24 3 25 10 26 4 27 5 28 7 29 1 30 3 31 8 32 8 33 8 34 2 35 1 36 5 37 10 38 8 39 10 40 1 41 9 42 2 43 6 44 1 45 9 46 5 47 8 48 3 49 6 50 10 51 8 52 4 53 2 54 2 55 6 56 3 57 3 58 9 59 9 60 2 61 4 62 4 63 9 64 10 65 6 66 10 67 10 68 2 69 7 70 3 71 4 72 2 73 3 74 6 75 10 76 8 77 2 78 10 79 5 80 6 81 3 82 3 83 7 84 2 85 2 86 4 87 4 88 7 89 6 90 3 91 6 92 4 93 2 94 4 95 1 96 3 97 8 98 2 99 5 100 8;
param besoinRessource : 1 2 3 4 :=
                    1   4 1 9 2
                    2   1 2 0 2
                    3   1 8 9 2
                    4   2 4 0 1
                    5   4 3 5 2
                    6   4 1 7 1
                    7   4 1 7 1
                    8   3 5 8 1
                    9   4 1 7 1
                    10   1 7 5 2
                    11   2 4 9 2
                    12   4 1 10 2
                    13   2 7 5 2
                    14   3 7 5 2
                    15   1 3 10 1
                    16   4 4 1 2
                    17   2 8 4 1
                    18   3 4 7 1
                    19   1 1 0 2
                    20   2 4 8 1
                    21   4 6 6 1
                    22   4 4 2 2
                    23   3 8 7 2
                    24   3 4 0 1
                    25   1 1 9 1
                    26   4 5 1 2
                    27   4 5 3 1
                    28   4 2 5 2
                    29   3 7 9 1
                    30   3 6 1 1
                    31   2 2 10 2
                    32   1 1 8 1
                    33   4 5 9 2
                    34   3 5 1 1
                    35   2 8 9 1
                    36   1 6 10 2
                    37   2 5 7 2
                    38   4 4 2 2
                    39   3 5 8 2
                    40   2 4 2 2
                    41   1 5 0 1
                    42   2 7 0 1
                    43   4 8 10 1
                    44   3 5 6 1
                    45   3 1 3 2
                    46   2 1 6 2
                    47   4 1 0 1
                    48   3 8 4 1
                    49   2 2 8 2
                    50   4 5 5 2
                    51   4 5 0 1
                    52   2 8 6 2
                    53   2 6 9 2
                    54   1 7 4 2
                    55   1 6 0 1
                    56   4 7 1 2
                    57   4 5 0 1
                    58   3 4 3 2
                    59   3 3 3 2
                    60   2 8 8 1
                    61   4 8 6 2
                    62   4 1 7 2
                    63   3 2 1 1
                    64   1 7 8 2
                    65   3 2 3 2
                    66   4 1 4 2
                    67   3 8 6 1
                    68   3 7 7 2
                    69   1 6 7 2
                    70   3 3 8 2
                    71   2 2 10 2
                    72   3 1 9 2
                    73   2 1 5 2
                    74   2 5 4 1
                    75   3 7 9 2
                    76   2 3 10 1
                    77   1 5 7 1
                    78   3 6 9 2
                    79   3 1 9 1
                    80   3 3 0 2
                    81   4 8 4 2
                    82   1 6 4 1
                    83   2 5 4 1
                    84   2 5 5 2
                    85   3 8 5 1
                    86   1 7 0 2
                    87   2 1 2 2
                    88   1 5 2 2
                    89   4 4 2 2
                    90   1 7 9 1
                    91   2 3 10 1
                    92   2 2 5 1
                    93   2 5 10 1
                    94   3 6 8 2
                    95   4 5 2 2
                    96   4 6 0 2
                    97   3 5 1 1
                    98   4 4 5 2
                    99   2 7 8 1
                    100   1 5 0 1;
param nombreMachine := 5;
param capaciteRessource : 1 2 3 4 :=
                    1     7 12 20 4
                    2     7 16 12 7
                    3     6 13 12 7
                    4     7 15 17 8
                    5     6 14 17 7
end;

