data;
param nombreTypeRessource := 4;
param nombreJob := 100;
param job duree := 1 10 2 8 3 2 4 4 5 8 6 10 7 3 8 6 9 4 10 9 11 5 12 9 13 7 14 4 15 6 16 8 17 1 18 6 19 3 20 3 21 8 22 4 23 4 24 9 25 4 26 1 27 10 28 6 29 2 30 5 31 1 32 9 33 3 34 2 35 5 36 8 37 4 38 2 39 6 40 6 41 2 42 1 43 6 44 3 45 6 46 6 47 5 48 6 49 7 50 9 51 8 52 7 53 4 54 2 55 7 56 7 57 4 58 8 59 1 60 7 61 9 62 2 63 1 64 1 65 3 66 8 67 7 68 1 69 9 70 1 71 7 72 7 73 7 74 7 75 5 76 4 77 8 78 8 79 3 80 8 81 5 82 4 83 10 84 7 85 6 86 8 87 7 88 3 89 3 90 6 91 5 92 1 93 6 94 9 95 4 96 7 97 8 98 8 99 6 100 2;
param besoinRessource : 1 2 3 4 :=
                    1   1 3 3 1
                    2   2 3 1 2
                    3   3 3 1 1
                    4   3 1 6 2
                    5   4 6 3 1
                    6   2 5 4 1
                    7   3 8 0 1
                    8   1 1 3 2
                    9   1 7 10 2
                    10   4 4 10 1
                    11   2 5 9 1
                    12   4 5 10 1
                    13   4 7 4 1
                    14   3 1 7 2
                    15   3 3 8 1
                    16   1 4 4 2
                    17   3 2 2 1
                    18   3 4 7 2
                    19   4 2 7 1
                    20   4 6 0 2
                    21   4 2 9 1
                    22   3 3 4 2
                    23   1 1 9 2
                    24   2 8 10 2
                    25   2 2 10 2
                    26   1 4 10 1
                    27   4 3 3 2
                    28   2 8 3 1
                    29   1 8 8 1
                    30   2 4 6 1
                    31   1 1 4 1
                    32   1 2 10 1
                    33   4 8 8 1
                    34   4 8 9 1
                    35   1 8 4 2
                    36   1 2 6 1
                    37   2 1 5 2
                    38   2 7 2 1
                    39   1 4 0 2
                    40   2 7 4 2
                    41   1 2 2 1
                    42   4 7 2 2
                    43   3 2 5 2
                    44   4 4 1 1
                    45   2 1 0 1
                    46   1 4 9 1
                    47   1 4 6 2
                    48   2 3 7 2
                    49   4 2 8 1
                    50   4 8 9 2
                    51   4 3 7 1
                    52   4 6 3 2
                    53   1 8 10 1
                    54   4 3 4 2
                    55   1 5 0 1
                    56   4 3 6 2
                    57   2 5 2 2
                    58   3 8 4 1
                    59   2 2 10 2
                    60   4 5 0 1
                    61   4 2 1 1
                    62   3 8 7 2
                    63   2 8 4 1
                    64   2 5 4 2
                    65   1 4 5 1
                    66   4 1 8 1
                    67   2 3 7 2
                    68   3 6 5 2
                    69   4 2 8 2
                    70   2 5 2 2
                    71   1 5 7 2
                    72   3 2 2 1
                    73   1 8 8 2
                    74   1 6 3 1
                    75   4 5 1 1
                    76   2 7 3 1
                    77   4 4 6 2
                    78   1 7 10 2
                    79   2 2 5 2
                    80   4 4 5 2
                    81   4 4 9 2
                    82   4 6 5 1
                    83   3 2 6 2
                    84   4 8 3 2
                    85   2 8 1 2
                    86   3 2 6 2
                    87   1 1 9 2
                    88   2 8 0 1
                    89   2 7 3 2
                    90   3 5 7 1
                    91   2 8 8 2
                    92   4 2 10 1
                    93   4 1 7 1
                    94   1 2 4 1
                    95   3 6 4 2
                    96   1 7 8 2
                    97   1 7 2 1
                    98   2 5 5 1
                    99   1 4 3 1
                    100   1 7 8 1;
param nombreMachine := 5;
param capaciteRessource : 1 2 3 4 :=
                    1     6 13 19 7
                    2     6 10 14 5
                    3     8 12 14 8
                    4     8 16 18 7
                    5     8 14 12 6
end;

