data;
param nombreTypeRessource := 4;
param nombreJob := 100;
param job duree := 1 3 2 9 3 6 4 2 5 4 6 6 7 4 8 10 9 4 10 3 11 6 12 6 13 8 14 4 15 1 16 3 17 6 18 3 19 3 20 5 21 2 22 9 23 6 24 7 25 4 26 3 27 9 28 8 29 9 30 4 31 4 32 3 33 1 34 6 35 9 36 10 37 2 38 8 39 10 40 6 41 3 42 1 43 10 44 9 45 7 46 2 47 4 48 9 49 3 50 5 51 6 52 3 53 10 54 5 55 4 56 5 57 7 58 10 59 10 60 4 61 7 62 4 63 7 64 5 65 4 66 3 67 8 68 1 69 3 70 8 71 2 72 4 73 1 74 10 75 3 76 4 77 9 78 9 79 4 80 9 81 9 82 10 83 9 84 9 85 7 86 5 87 5 88 8 89 3 90 7 91 1 92 2 93 5 94 3 95 6 96 9 97 2 98 8 99 2 100 8;
param besoinRessource : 1 2 3 4 :=
                    1   4 4 3 2
                    2   1 5 0 1
                    3   3 8 10 1
                    4   2 1 9 2
                    5   4 4 2 1
                    6   4 2 0 1
                    7   2 6 2 2
                    8   3 3 10 2
                    9   1 4 7 1
                    10   1 3 2 2
                    11   1 4 5 2
                    12   3 4 10 1
                    13   2 1 3 2
                    14   3 8 0 2
                    15   3 3 3 1
                    16   4 5 4 2
                    17   4 3 10 2
                    18   4 6 6 1
                    19   1 7 2 1
                    20   1 1 4 2
                    21   3 3 9 2
                    22   4 5 5 2
                    23   2 7 5 2
                    24   3 3 8 1
                    25   2 7 6 1
                    26   1 4 3 2
                    27   1 1 5 1
                    28   2 8 6 1
                    29   1 4 7 1
                    30   2 1 8 1
                    31   1 1 5 1
                    32   4 1 6 2
                    33   4 7 8 1
                    34   4 7 9 2
                    35   4 8 3 1
                    36   1 8 10 2
                    37   2 6 10 1
                    38   1 1 7 2
                    39   4 5 8 2
                    40   2 7 1 2
                    41   4 6 4 1
                    42   2 2 6 1
                    43   3 7 6 1
                    44   1 4 0 2
                    45   3 7 6 1
                    46   3 5 1 2
                    47   4 2 6 1
                    48   2 4 5 1
                    49   2 4 7 1
                    50   3 3 6 1
                    51   2 8 5 1
                    52   2 2 3 2
                    53   4 1 6 2
                    54   4 3 7 2
                    55   1 1 7 2
                    56   3 6 1 1
                    57   2 1 6 1
                    58   2 2 10 1
                    59   4 7 8 2
                    60   4 8 4 2
                    61   4 4 10 1
                    62   3 6 0 2
                    63   3 2 7 2
                    64   2 4 2 2
                    65   2 2 9 2
                    66   1 4 10 2
                    67   1 6 10 1
                    68   3 4 3 1
                    69   4 8 1 1
                    70   2 3 1 2
                    71   3 8 10 1
                    72   4 1 5 2
                    73   1 4 9 2
                    74   2 3 0 2
                    75   2 5 10 2
                    76   1 1 9 1
                    77   1 3 0 2
                    78   3 3 1 2
                    79   3 6 4 2
                    80   1 4 7 2
                    81   4 1 2 1
                    82   1 1 3 1
                    83   1 4 7 2
                    84   2 7 5 1
                    85   3 6 2 1
                    86   3 3 8 1
                    87   4 4 1 2
                    88   3 8 8 2
                    89   2 5 2 2
                    90   4 1 8 1
                    91   1 1 0 2
                    92   3 2 3 1
                    93   2 6 10 1
                    94   2 2 7 2
                    95   2 2 5 2
                    96   3 4 8 1
                    97   4 4 3 1
                    98   1 5 3 2
                    99   2 3 0 2
                    100   2 4 8 2;
param nombreMachine := 5;
param capaciteRessource : 1 2 3 4 :=
                    1     8 14 14 7
                    2     8 11 15 7
                    3     8 10 15 4
                    4     8 12 19 5
                    5     7 10 15 7
end;

