data;
param nombreTypeRessource := 4;
param nombreJob := 100;
param job duree := 1 1 2 8 3 9 4 5 5 4 6 8 7 7 8 1 9 7 10 10 11 1 12 10 13 2 14 4 15 6 16 1 17 8 18 3 19 10 20 1 21 9 22 10 23 8 24 9 25 4 26 10 27 2 28 6 29 4 30 5 31 7 32 3 33 2 34 9 35 1 36 6 37 6 38 4 39 4 40 7 41 8 42 5 43 5 44 10 45 4 46 9 47 8 48 3 49 9 50 5 51 4 52 6 53 4 54 5 55 10 56 9 57 1 58 9 59 4 60 9 61 1 62 5 63 9 64 10 65 2 66 1 67 4 68 2 69 1 70 4 71 6 72 10 73 6 74 10 75 4 76 10 77 10 78 9 79 10 80 6 81 10 82 8 83 5 84 6 85 9 86 1 87 9 88 5 89 1 90 7 91 6 92 3 93 10 94 1 95 6 96 9 97 4 98 10 99 7 100 3;
param besoinRessource : 1 2 3 4 :=
                    1   3 6 2 2
                    2   4 7 1 2
                    3   2 1 9 1
                    4   3 7 1 1
                    5   3 7 10 1
                    6   4 6 4 2
                    7   2 7 6 2
                    8   3 1 3 2
                    9   1 1 3 2
                    10   2 8 1 2
                    11   1 6 2 1
                    12   3 5 6 1
                    13   3 6 3 1
                    14   3 3 4 2
                    15   1 5 5 2
                    16   1 6 2 1
                    17   3 5 1 2
                    18   1 4 10 2
                    19   1 6 1 1
                    20   1 6 2 1
                    21   1 3 0 1
                    22   2 6 10 1
                    23   2 3 0 1
                    24   3 2 9 1
                    25   1 2 9 2
                    26   3 1 3 2
                    27   3 5 4 1
                    28   2 1 9 1
                    29   4 7 6 1
                    30   4 1 2 2
                    31   2 3 10 1
                    32   1 1 9 1
                    33   4 8 10 1
                    34   3 4 4 2
                    35   2 5 5 2
                    36   1 1 10 2
                    37   3 6 2 1
                    38   2 3 2 1
                    39   4 2 7 1
                    40   4 6 3 1
                    41   3 1 3 2
                    42   1 7 2 2
                    43   3 3 1 1
                    44   1 2 9 2
                    45   2 1 8 2
                    46   1 1 1 2
                    47   1 6 0 1
                    48   4 3 6 1
                    49   1 3 5 2
                    50   1 3 4 2
                    51   3 2 3 2
                    52   2 5 4 2
                    53   3 6 4 1
                    54   4 8 3 1
                    55   1 3 7 1
                    56   3 5 6 2
                    57   1 3 6 1
                    58   2 7 10 1
                    59   3 5 10 1
                    60   3 5 0 1
                    61   1 3 1 2
                    62   4 8 8 2
                    63   2 7 7 1
                    64   2 2 6 1
                    65   4 2 3 2
                    66   2 6 9 1
                    67   4 7 2 2
                    68   3 5 10 1
                    69   2 3 9 1
                    70   4 4 3 1
                    71   2 6 8 1
                    72   4 1 4 2
                    73   2 7 3 1
                    74   3 8 9 1
                    75   4 7 3 1
                    76   2 6 1 1
                    77   3 4 8 2
                    78   1 1 5 1
                    79   3 4 10 1
                    80   2 7 2 2
                    81   4 4 4 1
                    82   4 8 6 2
                    83   4 3 9 1
                    84   3 4 8 2
                    85   1 4 4 2
                    86   1 2 2 1
                    87   1 1 2 2
                    88   2 8 1 1
                    89   1 4 2 1
                    90   1 5 0 2
                    91   4 3 8 2
                    92   2 1 10 2
                    93   2 6 10 2
                    94   2 2 0 1
                    95   1 1 0 1
                    96   3 2 5 1
                    97   3 4 9 1
                    98   3 1 5 2
                    99   4 1 8 2
                    100   4 7 0 2;
param nombreMachine := 5;
param capaciteRessource : 1 2 3 4 :=
                    1     7 12 18 5
                    2     6 13 12 5
                    3     8 15 15 8
                    4     8 11 13 5
                    5     6 10 18 6
end;

