data;
param nombreTypeRessource := 4;
param nombreJob := 100;
param job duree := 1 3 2 3 3 1 4 1 5 1 6 5 7 1 8 10 9 10 10 9 11 9 12 4 13 6 14 5 15 7 16 1 17 3 18 7 19 3 20 7 21 2 22 9 23 10 24 5 25 10 26 1 27 2 28 4 29 4 30 4 31 6 32 4 33 5 34 4 35 2 36 7 37 3 38 3 39 5 40 10 41 6 42 4 43 1 44 1 45 6 46 2 47 1 48 6 49 9 50 7 51 4 52 6 53 4 54 3 55 6 56 9 57 1 58 2 59 6 60 10 61 3 62 7 63 8 64 1 65 5 66 3 67 7 68 6 69 2 70 9 71 8 72 9 73 1 74 7 75 7 76 3 77 7 78 10 79 6 80 9 81 1 82 5 83 10 84 4 85 9 86 8 87 2 88 4 89 9 90 1 91 6 92 1 93 7 94 8 95 1 96 4 97 5 98 2 99 3 100 4;
param besoinRessource : 1 2 3 4 :=
                    1   2 3 0 1
                    2   4 5 4 2
                    3   4 8 5 1
                    4   2 8 6 2
                    5   2 3 6 1
                    6   2 3 3 1
                    7   3 6 6 1
                    8   3 6 9 2
                    9   2 1 9 2
                    10   3 3 0 2
                    11   4 4 2 1
                    12   3 7 10 1
                    13   4 3 1 1
                    14   1 5 4 1
                    15   4 8 2 1
                    16   1 8 10 2
                    17   4 1 3 1
                    18   4 4 0 2
                    19   2 3 10 2
                    20   2 5 9 1
                    21   1 6 3 1
                    22   3 5 8 1
                    23   2 6 9 1
                    24   1 7 1 2
                    25   1 8 5 2
                    26   3 6 9 2
                    27   1 3 8 2
                    28   3 3 9 1
                    29   3 7 0 1
                    30   2 3 9 2
                    31   3 4 0 1
                    32   3 1 4 2
                    33   3 3 4 1
                    34   4 5 4 2
                    35   2 1 10 2
                    36   2 3 2 2
                    37   4 5 4 2
                    38   1 6 0 2
                    39   1 8 3 2
                    40   3 3 3 2
                    41   1 5 7 1
                    42   1 3 9 2
                    43   2 1 1 1
                    44   2 3 4 1
                    45   1 3 10 2
                    46   2 1 4 2
                    47   2 2 3 1
                    48   1 4 10 1
                    49   4 5 5 2
                    50   1 5 3 2
                    51   3 4 10 2
                    52   4 4 9 2
                    53   3 7 4 2
                    54   4 1 6 2
                    55   3 8 4 1
                    56   4 6 4 1
                    57   2 5 9 1
                    58   3 5 4 1
                    59   3 1 4 1
                    60   2 4 7 1
                    61   2 1 3 1
                    62   2 8 5 1
                    63   4 1 4 1
                    64   2 5 2 2
                    65   3 3 3 1
                    66   3 1 10 1
                    67   2 5 3 2
                    68   1 1 0 2
                    69   1 6 9 1
                    70   2 5 1 2
                    71   3 3 3 1
                    72   2 2 6 1
                    73   1 2 10 2
                    74   3 3 2 2
                    75   3 7 7 1
                    76   4 8 9 2
                    77   1 5 5 2
                    78   3 8 7 1
                    79   3 3 0 2
                    80   1 6 0 1
                    81   3 4 2 1
                    82   4 1 4 2
                    83   1 2 6 2
                    84   1 7 5 1
                    85   1 6 2 1
                    86   2 4 2 2
                    87   3 4 4 2
                    88   4 6 0 1
                    89   1 2 2 2
                    90   2 4 7 2
                    91   1 5 6 2
                    92   2 4 1 2
                    93   4 6 3 1
                    94   1 6 3 2
                    95   4 7 2 2
                    96   4 1 4 1
                    97   3 3 2 2
                    98   3 6 4 2
                    99   4 7 7 1
                    100   4 5 5 1;
param nombreMachine := 5;
param capaciteRessource : 1 2 3 4 :=
                    1     7 11 14 5
                    2     6 13 20 7
                    3     8 11 20 5
                    4     6 14 12 4
                    5     6 13 15 8
end;

