data;
param nombreTypeRessource := 4;
param nombreJob := 100;
param job duree := 1 5 2 5 3 2 4 3 5 7 6 2 7 2 8 7 9 7 10 7 11 3 12 9 13 10 14 5 15 7 16 1 17 4 18 1 19 4 20 5 21 1 22 6 23 1 24 9 25 6 26 6 27 3 28 2 29 9 30 2 31 6 32 3 33 5 34 8 35 7 36 2 37 6 38 10 39 10 40 2 41 6 42 5 43 3 44 6 45 9 46 3 47 9 48 5 49 4 50 2 51 7 52 2 53 7 54 6 55 1 56 8 57 1 58 10 59 8 60 2 61 5 62 5 63 4 64 2 65 7 66 3 67 1 68 6 69 9 70 1 71 8 72 5 73 6 74 4 75 2 76 1 77 4 78 1 79 1 80 9 81 1 82 1 83 7 84 9 85 10 86 6 87 2 88 8 89 9 90 2 91 9 92 3 93 7 94 4 95 6 96 9 97 9 98 3 99 5 100 6;
param besoinRessource : 1 2 3 4 :=
                    1   1 3 8 2
                    2   1 3 3 2
                    3   1 4 3 1
                    4   1 1 2 1
                    5   1 2 0 1
                    6   4 5 8 1
                    7   3 5 9 1
                    8   3 5 10 2
                    9   2 8 7 2
                    10   4 7 6 1
                    11   1 7 1 1
                    12   2 6 7 1
                    13   4 4 3 2
                    14   1 8 6 1
                    15   2 1 7 1
                    16   2 6 5 2
                    17   2 8 5 2
                    18   4 7 2 1
                    19   4 7 1 1
                    20   1 2 7 1
                    21   3 7 6 2
                    22   2 7 8 1
                    23   2 7 0 1
                    24   1 5 5 1
                    25   3 5 5 2
                    26   1 4 2 2
                    27   1 6 5 1
                    28   1 4 7 1
                    29   3 4 5 2
                    30   4 3 2 2
                    31   3 7 9 1
                    32   3 3 9 1
                    33   4 5 1 1
                    34   1 1 10 1
                    35   4 5 0 2
                    36   3 5 7 2
                    37   3 5 3 2
                    38   3 5 2 2
                    39   3 7 2 1
                    40   1 6 6 1
                    41   3 4 5 1
                    42   2 1 9 2
                    43   1 3 10 2
                    44   2 2 7 1
                    45   4 3 6 2
                    46   4 4 8 2
                    47   4 3 7 1
                    48   4 1 10 1
                    49   2 8 7 2
                    50   1 1 5 2
                    51   4 5 1 1
                    52   4 1 7 2
                    53   2 4 2 2
                    54   3 7 1 2
                    55   4 2 7 1
                    56   2 2 1 1
                    57   4 7 7 2
                    58   2 2 3 1
                    59   3 6 0 1
                    60   3 4 10 2
                    61   3 8 6 1
                    62   3 2 5 1
                    63   1 5 7 1
                    64   2 4 6 2
                    65   4 5 0 1
                    66   1 7 0 1
                    67   1 1 4 1
                    68   4 4 6 2
                    69   1 2 7 2
                    70   1 2 3 2
                    71   3 2 9 2
                    72   3 8 0 1
                    73   3 6 4 2
                    74   4 5 2 1
                    75   4 7 5 2
                    76   1 3 10 1
                    77   1 8 7 2
                    78   2 1 7 2
                    79   4 6 0 1
                    80   3 2 8 1
                    81   4 1 6 1
                    82   2 8 8 2
                    83   2 3 10 2
                    84   2 3 10 1
                    85   4 3 6 1
                    86   2 3 0 2
                    87   4 4 7 2
                    88   4 4 0 2
                    89   2 3 9 2
                    90   1 1 0 2
                    91   1 3 6 1
                    92   3 1 2 2
                    93   4 1 4 2
                    94   1 3 9 1
                    95   2 5 2 2
                    96   3 1 1 1
                    97   2 3 1 2
                    98   1 2 6 2
                    99   1 1 5 1
                    100   4 3 4 1;
param nombreMachine := 5;
param capaciteRessource : 1 2 3 4 :=
                    1     8 14 16 4
                    2     8 13 13 4
                    3     8 12 16 7
                    4     8 15 18 5
                    5     7 11 19 7
end;

