data;
param nombreTypeRessource := 4;
param nombreJob := 100;
param job duree := 1 2 2 8 3 9 4 9 5 6 6 5 7 9 8 5 9 6 10 2 11 9 12 3 13 7 14 2 15 4 16 7 17 7 18 1 19 1 20 4 21 10 22 10 23 6 24 6 25 5 26 6 27 2 28 10 29 9 30 8 31 5 32 1 33 4 34 7 35 9 36 1 37 10 38 7 39 3 40 9 41 1 42 3 43 8 44 6 45 8 46 10 47 7 48 9 49 3 50 5 51 1 52 5 53 3 54 2 55 5 56 10 57 6 58 7 59 2 60 8 61 5 62 1 63 6 64 5 65 10 66 9 67 6 68 2 69 1 70 2 71 4 72 3 73 8 74 3 75 5 76 4 77 8 78 10 79 7 80 9 81 8 82 6 83 5 84 5 85 8 86 3 87 5 88 6 89 2 90 5 91 10 92 5 93 7 94 7 95 9 96 5 97 1 98 1 99 2 100 1;
param besoinRessource : 1 2 3 4 :=
                    1   4 6 10 2
                    2   1 6 1 2
                    3   2 7 8 1
                    4   4 1 5 1
                    5   1 1 9 2
                    6   3 2 1 2
                    7   1 2 2 2
                    8   1 4 4 1
                    9   3 3 0 2
                    10   1 8 7 1
                    11   2 2 7 2
                    12   3 7 1 2
                    13   1 2 1 2
                    14   1 7 4 2
                    15   1 2 10 1
                    16   4 5 9 1
                    17   2 2 9 1
                    18   3 5 5 2
                    19   2 2 3 2
                    20   2 8 10 1
                    21   3 8 5 1
                    22   1 2 1 1
                    23   2 4 8 1
                    24   1 2 4 1
                    25   1 6 9 1
                    26   4 6 8 2
                    27   4 4 7 1
                    28   2 3 3 2
                    29   4 7 5 1
                    30   3 7 4 1
                    31   3 2 6 2
                    32   4 2 7 2
                    33   1 6 1 2
                    34   4 7 2 2
                    35   1 6 7 1
                    36   3 4 9 2
                    37   3 6 8 1
                    38   3 7 1 1
                    39   2 5 6 1
                    40   3 1 10 2
                    41   1 3 0 1
                    42   4 2 1 2
                    43   2 5 7 2
                    44   3 6 10 1
                    45   1 6 3 1
                    46   2 8 1 1
                    47   4 7 4 1
                    48   3 5 8 1
                    49   2 7 10 2
                    50   2 1 6 1
                    51   3 8 7 2
                    52   1 7 7 1
                    53   3 7 5 2
                    54   3 4 0 1
                    55   4 1 7 2
                    56   3 3 8 2
                    57   3 8 8 1
                    58   4 3 4 2
                    59   1 7 4 1
                    60   4 5 7 1
                    61   4 7 1 1
                    62   4 5 4 2
                    63   2 3 5 1
                    64   1 6 6 2
                    65   2 8 6 1
                    66   1 4 10 1
                    67   1 5 0 2
                    68   3 5 8 2
                    69   1 3 1 2
                    70   3 2 10 2
                    71   4 7 3 1
                    72   3 3 5 2
                    73   4 7 0 2
                    74   4 5 1 1
                    75   4 3 0 1
                    76   4 2 10 1
                    77   4 7 9 1
                    78   1 2 5 2
                    79   3 7 7 2
                    80   1 1 0 2
                    81   3 5 10 1
                    82   4 5 1 1
                    83   3 5 7 1
                    84   2 6 10 2
                    85   2 4 9 2
                    86   3 3 4 2
                    87   1 7 2 2
                    88   1 1 7 1
                    89   1 7 2 2
                    90   2 1 7 1
                    91   3 1 4 1
                    92   3 8 7 2
                    93   3 5 2 2
                    94   4 5 4 1
                    95   3 7 6 1
                    96   3 7 2 2
                    97   2 8 0 1
                    98   3 4 8 2
                    99   2 4 3 1
                    100   2 6 7 1;
param nombreMachine := 5;
param capaciteRessource : 1 2 3 4 :=
                    1     8 14 12 5
                    2     7 15 12 8
                    3     6 16 18 4
                    4     7 10 12 6
                    5     8 11 14 5
end;

