data;
param nombreTypeRessource := 4;
param nombreJob := 100;
param job duree := 1 5 2 2 3 4 4 8 5 3 6 7 7 9 8 10 9 7 10 4 11 4 12 8 13 10 14 6 15 1 16 7 17 5 18 10 19 8 20 10 21 1 22 10 23 9 24 4 25 1 26 9 27 4 28 3 29 4 30 6 31 9 32 8 33 1 34 6 35 6 36 9 37 4 38 6 39 8 40 4 41 10 42 5 43 7 44 1 45 8 46 10 47 9 48 4 49 6 50 7 51 6 52 1 53 4 54 3 55 3 56 7 57 9 58 4 59 10 60 6 61 2 62 1 63 1 64 5 65 3 66 6 67 8 68 1 69 4 70 10 71 3 72 1 73 2 74 2 75 10 76 8 77 4 78 1 79 5 80 3 81 9 82 5 83 10 84 10 85 3 86 8 87 2 88 1 89 7 90 9 91 5 92 1 93 6 94 1 95 4 96 5 97 7 98 9 99 6 100 8;
param besoinRessource : 1 2 3 4 :=
                    1   4 3 5 2
                    2   2 8 3 2
                    3   2 4 4 1
                    4   3 5 4 2
                    5   2 4 7 1
                    6   2 1 3 2
                    7   1 4 4 1
                    8   1 7 0 2
                    9   1 5 9 2
                    10   3 2 8 1
                    11   3 1 2 1
                    12   2 7 3 2
                    13   1 4 7 2
                    14   3 2 10 2
                    15   4 3 1 1
                    16   1 5 8 2
                    17   3 7 3 2
                    18   3 2 7 2
                    19   4 7 7 2
                    20   3 2 5 2
                    21   3 1 2 1
                    22   1 4 4 2
                    23   3 8 6 2
                    24   1 6 9 1
                    25   2 3 6 1
                    26   1 8 8 1
                    27   1 8 9 1
                    28   4 3 0 2
                    29   1 8 0 1
                    30   3 2 4 2
                    31   2 4 7 1
                    32   2 4 3 1
                    33   3 7 4 1
                    34   4 7 4 2
                    35   3 1 5 2
                    36   1 8 0 2
                    37   3 1 10 1
                    38   3 6 9 1
                    39   3 2 2 2
                    40   4 3 8 1
                    41   3 2 3 1
                    42   3 4 9 2
                    43   3 6 0 2
                    44   1 7 3 2
                    45   2 1 2 1
                    46   3 2 5 2
                    47   1 6 2 1
                    48   2 3 5 1
                    49   1 2 0 1
                    50   3 8 2 2
                    51   1 6 0 2
                    52   4 4 7 2
                    53   1 4 4 2
                    54   4 7 1 1
                    55   4 4 7 1
                    56   1 3 1 2
                    57   2 2 10 2
                    58   4 4 7 1
                    59   1 4 8 2
                    60   2 1 1 2
                    61   3 1 3 2
                    62   1 5 2 2
                    63   2 4 8 1
                    64   4 1 0 1
                    65   2 3 4 2
                    66   4 2 7 1
                    67   1 5 4 1
                    68   1 6 4 2
                    69   3 6 5 2
                    70   2 6 8 2
                    71   3 2 6 1
                    72   3 1 10 2
                    73   4 4 8 2
                    74   1 3 7 2
                    75   3 8 0 1
                    76   4 1 6 2
                    77   3 5 8 1
                    78   4 4 9 2
                    79   1 8 7 1
                    80   4 8 8 2
                    81   3 4 3 1
                    82   4 3 6 1
                    83   3 1 6 1
                    84   1 8 5 2
                    85   1 2 8 2
                    86   1 6 0 1
                    87   4 7 10 2
                    88   1 3 2 2
                    89   4 5 0 2
                    90   4 7 7 1
                    91   2 1 2 2
                    92   2 6 3 2
                    93   4 8 2 2
                    94   3 3 3 2
                    95   2 7 1 1
                    96   3 6 8 2
                    97   2 3 10 2
                    98   1 7 1 2
                    99   2 6 5 2
                    100   3 7 4 2;
param nombreMachine := 5;
param capaciteRessource : 1 2 3 4 :=
                    1     7 10 19 8
                    2     8 13 12 4
                    3     6 13 14 5
                    4     8 10 16 4
                    5     7 14 16 6
end;

