data;
param nombreTypeRessource := 4;
param nombreJob := 100;
param job duree := 1 1 2 5 3 6 4 2 5 1 6 6 7 10 8 3 9 5 10 10 11 8 12 3 13 5 14 9 15 4 16 8 17 4 18 8 19 7 20 1 21 3 22 2 23 10 24 8 25 6 26 2 27 2 28 1 29 6 30 2 31 5 32 9 33 2 34 7 35 8 36 3 37 10 38 5 39 7 40 3 41 9 42 5 43 4 44 10 45 3 46 6 47 4 48 5 49 2 50 6 51 9 52 2 53 10 54 3 55 2 56 8 57 6 58 9 59 9 60 7 61 1 62 3 63 5 64 8 65 8 66 2 67 4 68 6 69 8 70 9 71 6 72 6 73 10 74 10 75 7 76 9 77 6 78 3 79 5 80 2 81 9 82 3 83 7 84 8 85 2 86 5 87 10 88 6 89 2 90 4 91 5 92 5 93 6 94 1 95 2 96 10 97 5 98 1 99 1 100 5;
param besoinRessource : 1 2 3 4 :=
                    1   1 5 4 2
                    2   1 4 0 1
                    3   2 1 2 1
                    4   1 6 0 2
                    5   1 7 8 1
                    6   4 4 6 2
                    7   1 3 4 2
                    8   2 5 1 2
                    9   1 8 0 2
                    10   3 6 1 1
                    11   3 7 4 2
                    12   3 4 10 2
                    13   2 5 1 2
                    14   4 7 2 2
                    15   4 3 5 1
                    16   1 4 1 1
                    17   4 5 3 2
                    18   4 3 6 1
                    19   2 1 2 1
                    20   1 8 1 1
                    21   3 3 0 2
                    22   2 4 6 2
                    23   2 6 0 1
                    24   2 6 9 2
                    25   1 8 2 2
                    26   3 3 2 2
                    27   3 4 0 2
                    28   1 7 2 1
                    29   1 7 5 2
                    30   3 3 2 1
                    31   2 3 5 1
                    32   2 4 1 1
                    33   3 2 6 1
                    34   2 6 1 1
                    35   4 4 1 2
                    36   4 7 10 2
                    37   1 7 8 2
                    38   3 2 4 2
                    39   2 7 9 2
                    40   1 2 5 1
                    41   4 7 5 2
                    42   4 5 6 1
                    43   3 6 1 2
                    44   1 2 2 1
                    45   3 4 2 1
                    46   2 8 6 1
                    47   4 3 5 1
                    48   1 8 9 1
                    49   3 3 0 2
                    50   2 1 2 2
                    51   4 1 1 2
                    52   2 5 1 2
                    53   3 3 0 1
                    54   1 1 6 2
                    55   1 7 5 2
                    56   2 3 6 1
                    57   1 5 3 1
                    58   4 7 0 2
                    59   3 2 0 1
                    60   1 7 5 1
                    61   2 1 4 1
                    62   2 1 2 2
                    63   3 5 0 1
                    64   1 8 1 2
                    65   3 3 9 2
                    66   1 3 6 2
                    67   3 4 1 2
                    68   1 2 5 2
                    69   3 6 6 2
                    70   4 5 0 1
                    71   1 7 0 1
                    72   3 8 4 2
                    73   4 5 10 1
                    74   2 5 8 2
                    75   1 2 7 1
                    76   1 8 9 1
                    77   1 2 2 1
                    78   1 4 0 2
                    79   3 7 0 1
                    80   1 7 1 1
                    81   4 4 7 2
                    82   4 2 9 2
                    83   2 4 4 1
                    84   4 7 5 1
                    85   1 5 5 2
                    86   4 8 2 1
                    87   4 6 8 1
                    88   1 6 7 2
                    89   4 8 9 1
                    90   3 8 9 2
                    91   1 4 8 1
                    92   2 7 4 2
                    93   1 5 2 1
                    94   4 4 0 2
                    95   1 5 8 2
                    96   3 8 10 1
                    97   1 3 0 1
                    98   3 2 10 1
                    99   4 7 10 2
                    100   4 3 7 2;
param nombreMachine := 5;
param capaciteRessource : 1 2 3 4 :=
                    1     7 12 19 6
                    2     6 10 15 7
                    3     8 15 20 8
                    4     8 11 20 7
                    5     6 11 20 7
end;

