data;
param nombreTypeRessource := 4;
param nombreJob := 100;
param job duree := 1 6 2 10 3 5 4 7 5 9 6 4 7 7 8 1 9 5 10 5 11 1 12 6 13 6 14 9 15 3 16 5 17 3 18 9 19 10 20 9 21 7 22 5 23 10 24 10 25 7 26 9 27 7 28 3 29 2 30 2 31 2 32 6 33 9 34 6 35 10 36 6 37 5 38 2 39 1 40 6 41 2 42 2 43 2 44 3 45 5 46 7 47 8 48 5 49 6 50 10 51 5 52 9 53 8 54 9 55 5 56 9 57 6 58 4 59 4 60 5 61 7 62 5 63 1 64 3 65 3 66 6 67 3 68 2 69 2 70 6 71 2 72 4 73 9 74 3 75 9 76 1 77 9 78 7 79 9 80 4 81 5 82 2 83 1 84 9 85 10 86 10 87 6 88 5 89 2 90 3 91 7 92 1 93 6 94 7 95 5 96 7 97 9 98 4 99 5 100 2;
param besoinRessource : 1 2 3 4 :=
                    1   1 1 1 1
                    2   3 7 3 2
                    3   3 8 6 1
                    4   4 7 6 1
                    5   2 6 0 1
                    6   2 3 9 2
                    7   4 5 3 2
                    8   2 2 4 1
                    9   3 1 5 2
                    10   1 8 6 1
                    11   4 1 9 2
                    12   3 5 8 1
                    13   4 8 3 1
                    14   4 2 0 2
                    15   1 7 10 2
                    16   4 7 2 2
                    17   3 2 3 2
                    18   3 2 5 1
                    19   4 6 3 2
                    20   1 6 7 2
                    21   1 2 5 2
                    22   1 1 7 2
                    23   1 7 8 1
                    24   4 7 0 2
                    25   4 2 0 1
                    26   1 2 10 1
                    27   3 5 7 2
                    28   4 4 10 1
                    29   4 3 3 1
                    30   4 7 7 1
                    31   3 3 4 1
                    32   1 3 3 2
                    33   1 1 2 1
                    34   4 1 0 2
                    35   1 8 6 2
                    36   1 6 7 1
                    37   4 2 8 1
                    38   1 4 6 1
                    39   3 3 0 1
                    40   1 3 1 2
                    41   3 2 9 2
                    42   2 7 4 1
                    43   1 8 5 1
                    44   2 7 4 2
                    45   1 6 5 1
                    46   3 8 7 1
                    47   2 6 3 2
                    48   2 1 1 1
                    49   1 4 9 2
                    50   2 5 5 1
                    51   2 8 4 2
                    52   2 7 9 2
                    53   1 3 4 2
                    54   3 3 3 1
                    55   1 3 0 1
                    56   3 3 9 2
                    57   1 4 7 1
                    58   2 6 0 1
                    59   1 8 10 2
                    60   3 6 10 1
                    61   4 7 2 2
                    62   2 4 2 2
                    63   2 8 10 2
                    64   3 5 6 1
                    65   3 6 7 2
                    66   2 5 5 1
                    67   2 3 4 2
                    68   3 7 6 2
                    69   3 3 1 1
                    70   2 4 10 2
                    71   2 1 1 2
                    72   2 3 10 2
                    73   3 4 4 2
                    74   3 5 2 2
                    75   1 3 10 1
                    76   1 2 10 1
                    77   4 2 5 2
                    78   2 2 4 2
                    79   4 5 9 1
                    80   2 6 10 1
                    81   2 8 7 2
                    82   2 2 4 1
                    83   2 4 8 2
                    84   1 4 5 2
                    85   4 1 5 2
                    86   1 4 2 1
                    87   1 7 5 2
                    88   4 5 5 1
                    89   3 2 3 2
                    90   1 6 9 2
                    91   3 2 7 2
                    92   3 7 6 1
                    93   2 1 4 2
                    94   4 6 8 2
                    95   3 7 2 1
                    96   1 5 1 2
                    97   2 6 10 1
                    98   2 7 3 2
                    99   2 6 4 2
                    100   3 3 6 1;
param nombreMachine := 5;
param capaciteRessource : 1 2 3 4 :=
                    1     6 15 18 7
                    2     8 14 16 8
                    3     8 12 12 7
                    4     7 15 16 5
                    5     7 13 16 4
end;

