data;
param nombreTypeRessource := 4;
param nombreJob := 80;
param job duree := 1 1 2 6 3 10 4 10 5 7 6 4 7 4 8 4 9 7 10 7 11 6 12 1 13 6 14 5 15 8 16 1 17 4 18 5 19 8 20 8 21 2 22 2 23 1 24 10 25 3 26 7 27 8 28 3 29 6 30 2 31 2 32 5 33 8 34 4 35 4 36 6 37 5 38 1 39 8 40 2 41 5 42 3 43 7 44 6 45 8 46 1 47 9 48 10 49 6 50 8 51 9 52 5 53 4 54 4 55 1 56 9 57 8 58 2 59 10 60 9 61 9 62 9 63 2 64 7 65 5 66 3 67 8 68 10 69 4 70 6 71 4 72 8 73 10 74 4 75 3 76 1 77 4 78 7 79 2 80 5;
param besoinRessource : 1 2 3 4 :=
                    1   3 7 4 2
                    2   3 4 4 1
                    3   2 3 7 1
                    4   1 2 8 2
                    5   4 7 4 1
                    6   1 3 4 1
                    7   3 6 7 1
                    8   3 7 7 1
                    9   4 1 3 2
                    10   2 6 4 1
                    11   1 5 8 2
                    12   3 3 4 1
                    13   2 4 5 1
                    14   1 7 3 1
                    15   2 7 4 1
                    16   4 3 10 1
                    17   3 5 5 1
                    18   1 8 5 1
                    19   4 3 2 1
                    20   1 8 0 2
                    21   4 1 10 2
                    22   3 6 0 2
                    23   2 4 5 2
                    24   1 1 6 2
                    25   4 4 8 2
                    26   3 2 7 1
                    27   2 5 5 2
                    28   2 4 7 1
                    29   3 2 9 2
                    30   1 5 9 2
                    31   3 8 1 2
                    32   1 5 5 1
                    33   1 8 0 2
                    34   2 5 7 1
                    35   1 6 6 2
                    36   1 3 5 2
                    37   3 5 5 1
                    38   3 4 9 2
                    39   4 7 10 1
                    40   2 1 5 1
                    41   3 2 7 1
                    42   1 3 2 2
                    43   1 7 6 2
                    44   4 7 4 2
                    45   2 5 3 2
                    46   3 3 4 1
                    47   1 8 2 2
                    48   4 4 2 1
                    49   4 4 7 1
                    50   1 1 5 2
                    51   2 5 1 1
                    52   4 6 4 1
                    53   1 1 8 2
                    54   3 2 2 2
                    55   4 3 8 1
                    56   2 3 8 1
                    57   1 7 10 1
                    58   3 2 7 2
                    59   2 7 8 2
                    60   1 3 3 1
                    61   2 5 6 1
                    62   3 1 9 1
                    63   3 6 0 1
                    64   1 1 7 1
                    65   3 4 9 1
                    66   1 4 7 1
                    67   2 1 8 2
                    68   1 5 1 2
                    69   1 2 5 1
                    70   3 4 10 1
                    71   3 5 9 2
                    72   1 5 0 1
                    73   1 7 4 2
                    74   1 2 3 1
                    75   1 5 10 2
                    76   4 2 6 2
                    77   3 2 1 2
                    78   2 7 8 1
                    79   4 5 0 2
                    80   2 8 0 2;
param nombreMachine := 5;
param capaciteRessource : 1 2 3 4 :=
                    1     6 14 18 6
                    2     7 15 14 6
                    3     6 13 19 7
                    4     6 12 16 7
                    5     7 10 17 8
end;

