data;
param nombreTypeRessource := 4;
param nombreJob := 80;
param job duree := 1 8 2 9 3 8 4 5 5 5 6 10 7 3 8 9 9 5 10 10 11 6 12 6 13 7 14 4 15 10 16 9 17 6 18 3 19 6 20 2 21 9 22 1 23 3 24 6 25 3 26 9 27 4 28 5 29 8 30 6 31 6 32 4 33 1 34 9 35 7 36 4 37 2 38 1 39 5 40 7 41 9 42 2 43 7 44 2 45 3 46 1 47 8 48 2 49 9 50 7 51 1 52 1 53 2 54 1 55 10 56 9 57 8 58 10 59 10 60 6 61 7 62 1 63 4 64 2 65 1 66 5 67 6 68 4 69 6 70 9 71 1 72 3 73 1 74 2 75 3 76 2 77 7 78 6 79 10 80 7;
param besoinRessource : 1 2 3 4 :=
                    1   3 1 2 2
                    2   3 7 4 2
                    3   4 5 0 1
                    4   1 2 3 2
                    5   4 5 4 2
                    6   4 6 7 1
                    7   2 7 1 2
                    8   3 5 5 2
                    9   1 6 8 1
                    10   3 5 8 1
                    11   1 2 6 2
                    12   2 7 8 1
                    13   1 8 3 2
                    14   3 7 4 1
                    15   4 1 9 1
                    16   3 5 4 2
                    17   1 6 10 2
                    18   1 8 3 1
                    19   3 6 4 1
                    20   4 8 8 2
                    21   2 8 6 2
                    22   1 3 8 2
                    23   3 4 6 1
                    24   3 8 9 1
                    25   1 4 6 2
                    26   2 6 2 2
                    27   3 3 0 1
                    28   3 4 8 2
                    29   2 4 1 1
                    30   4 1 8 1
                    31   1 2 3 2
                    32   3 3 8 1
                    33   2 5 6 1
                    34   1 6 3 1
                    35   1 4 7 1
                    36   3 6 9 1
                    37   3 2 1 1
                    38   3 3 1 1
                    39   4 6 8 1
                    40   3 8 10 2
                    41   1 7 7 1
                    42   3 8 10 1
                    43   1 7 7 1
                    44   1 4 9 2
                    45   3 3 10 2
                    46   4 6 5 1
                    47   2 6 1 1
                    48   3 4 7 1
                    49   4 6 5 2
                    50   2 6 6 1
                    51   4 8 10 1
                    52   2 1 4 1
                    53   2 3 7 1
                    54   2 1 5 2
                    55   4 3 0 2
                    56   2 4 4 1
                    57   2 1 5 1
                    58   4 2 4 2
                    59   4 5 2 1
                    60   4 4 8 2
                    61   3 2 6 1
                    62   2 3 0 2
                    63   1 8 9 2
                    64   1 1 2 1
                    65   2 7 10 1
                    66   4 5 0 1
                    67   2 3 9 1
                    68   1 5 9 1
                    69   2 3 2 2
                    70   3 3 8 2
                    71   1 4 5 2
                    72   1 6 8 2
                    73   3 7 9 2
                    74   2 7 2 2
                    75   4 6 1 1
                    76   1 5 3 2
                    77   4 1 9 2
                    78   1 1 10 2
                    79   3 7 3 2
                    80   4 8 5 2;
param nombreMachine := 5;
param capaciteRessource : 1 2 3 4 :=
                    1     6 16 18 6
                    2     7 12 17 5
                    3     6 11 17 6
                    4     6 12 19 6
                    5     7 14 16 8
end;

