data;
param nombreTypeRessource := 4;
param nombreJob := 80;
param job duree := 1 8 2 10 3 3 4 4 5 9 6 5 7 3 8 8 9 10 10 9 11 4 12 2 13 6 14 1 15 7 16 3 17 10 18 1 19 7 20 3 21 3 22 10 23 8 24 2 25 6 26 2 27 1 28 2 29 5 30 1 31 4 32 8 33 4 34 4 35 8 36 5 37 1 38 8 39 7 40 3 41 7 42 5 43 6 44 4 45 4 46 2 47 8 48 2 49 8 50 9 51 9 52 10 53 3 54 6 55 1 56 2 57 5 58 8 59 5 60 1 61 2 62 5 63 6 64 2 65 4 66 4 67 6 68 3 69 5 70 10 71 8 72 4 73 6 74 7 75 5 76 6 77 1 78 8 79 9 80 2;
param besoinRessource : 1 2 3 4 :=
                    1   3 1 8 1
                    2   1 3 0 2
                    3   1 6 6 1
                    4   1 2 4 1
                    5   2 3 7 2
                    6   4 5 10 2
                    7   1 3 0 1
                    8   2 4 1 1
                    9   3 6 0 1
                    10   4 4 2 1
                    11   1 3 1 1
                    12   3 2 6 2
                    13   3 6 4 2
                    14   1 4 7 1
                    15   3 5 6 2
                    16   3 7 1 2
                    17   1 1 2 1
                    18   1 3 3 2
                    19   2 5 10 1
                    20   4 6 3 2
                    21   2 2 0 1
                    22   4 4 0 2
                    23   3 5 10 2
                    24   4 8 8 1
                    25   4 7 3 1
                    26   4 5 7 2
                    27   2 8 4 2
                    28   1 8 5 1
                    29   1 1 9 2
                    30   3 7 8 1
                    31   1 5 5 2
                    32   1 6 1 1
                    33   4 7 1 1
                    34   1 6 7 2
                    35   2 1 4 1
                    36   3 4 4 2
                    37   2 6 5 2
                    38   3 2 0 1
                    39   1 7 6 2
                    40   1 1 1 1
                    41   2 6 0 1
                    42   3 2 9 1
                    43   3 6 6 1
                    44   3 7 1 1
                    45   3 4 1 2
                    46   1 2 5 1
                    47   3 5 8 1
                    48   3 3 8 2
                    49   3 8 2 2
                    50   1 1 3 2
                    51   2 6 2 1
                    52   4 4 3 2
                    53   2 8 6 1
                    54   2 8 9 1
                    55   3 5 4 2
                    56   4 4 0 2
                    57   3 8 0 1
                    58   3 3 10 1
                    59   4 8 4 2
                    60   4 8 2 1
                    61   4 2 4 1
                    62   3 7 10 2
                    63   4 8 4 2
                    64   2 8 1 2
                    65   2 4 5 1
                    66   3 2 9 2
                    67   4 6 3 2
                    68   1 2 9 1
                    69   3 2 9 2
                    70   3 5 6 2
                    71   3 7 2 2
                    72   3 6 7 1
                    73   3 8 0 1
                    74   2 6 3 2
                    75   3 7 5 2
                    76   2 2 0 2
                    77   1 7 9 1
                    78   4 3 5 2
                    79   1 8 1 2
                    80   3 1 4 2;
param nombreMachine := 5;
param capaciteRessource : 1 2 3 4 :=
                    1     8 15 17 8
                    2     8 15 16 4
                    3     7 14 13 8
                    4     6 15 20 5
                    5     6 12 14 4
end;

