data;
param nombreTypeRessource := 4;
param nombreJob := 80;
param job duree := 1 4 2 9 3 6 4 3 5 2 6 2 7 9 8 10 9 10 10 9 11 6 12 7 13 9 14 9 15 3 16 5 17 2 18 7 19 2 20 9 21 7 22 9 23 3 24 10 25 2 26 1 27 8 28 6 29 7 30 10 31 9 32 4 33 7 34 6 35 10 36 6 37 3 38 10 39 2 40 7 41 10 42 10 43 10 44 3 45 3 46 7 47 4 48 2 49 7 50 2 51 4 52 9 53 9 54 7 55 5 56 8 57 10 58 2 59 10 60 1 61 3 62 6 63 6 64 10 65 3 66 7 67 8 68 8 69 1 70 1 71 5 72 10 73 5 74 10 75 4 76 4 77 10 78 6 79 2 80 6;
param besoinRessource : 1 2 3 4 :=
                    1   2 3 3 1
                    2   4 3 5 2
                    3   4 2 3 1
                    4   2 8 2 2
                    5   4 8 0 1
                    6   2 8 1 1
                    7   4 2 2 2
                    8   1 7 2 1
                    9   2 5 3 2
                    10   1 1 5 1
                    11   1 4 1 2
                    12   2 7 8 2
                    13   3 6 3 1
                    14   1 8 3 1
                    15   3 8 1 2
                    16   2 2 4 1
                    17   4 5 2 2
                    18   3 5 6 2
                    19   3 5 10 2
                    20   3 2 7 2
                    21   2 8 4 1
                    22   3 6 0 1
                    23   2 3 6 2
                    24   4 7 5 2
                    25   2 8 10 1
                    26   2 7 7 2
                    27   1 5 9 1
                    28   1 5 2 1
                    29   3 7 6 1
                    30   1 3 4 1
                    31   4 3 10 2
                    32   2 4 2 1
                    33   3 2 5 1
                    34   1 7 2 2
                    35   2 6 6 1
                    36   4 8 0 2
                    37   3 8 9 1
                    38   1 4 10 2
                    39   4 8 10 1
                    40   3 1 7 1
                    41   1 2 5 1
                    42   1 8 9 1
                    43   4 8 4 1
                    44   2 1 2 2
                    45   4 1 4 2
                    46   4 8 10 2
                    47   1 3 1 2
                    48   1 4 3 2
                    49   4 3 3 2
                    50   1 1 3 1
                    51   1 6 3 1
                    52   3 8 8 1
                    53   1 1 1 1
                    54   2 1 0 2
                    55   1 7 10 1
                    56   2 4 10 1
                    57   1 2 9 1
                    58   1 4 4 2
                    59   4 2 5 1
                    60   3 3 5 2
                    61   4 4 3 2
                    62   1 7 1 1
                    63   1 5 5 2
                    64   1 7 8 2
                    65   1 2 3 2
                    66   2 1 4 2
                    67   4 7 2 2
                    68   2 3 0 2
                    69   4 3 8 2
                    70   3 2 5 1
                    71   1 5 5 1
                    72   4 1 0 2
                    73   2 4 10 1
                    74   3 1 9 2
                    75   2 4 9 2
                    76   2 8 8 2
                    77   4 7 1 2
                    78   3 6 3 2
                    79   1 3 5 2
                    80   2 7 4 1;
param nombreMachine := 5;
param capaciteRessource : 1 2 3 4 :=
                    1     6 12 14 6
                    2     7 15 13 8
                    3     8 10 16 7
                    4     8 14 13 8
                    5     7 15 19 4
end;

