data;
param nombreTypeRessource := 4;
param nombreJob := 80;
param job duree := 1 3 2 8 3 3 4 10 5 1 6 9 7 8 8 1 9 8 10 8 11 8 12 1 13 10 14 5 15 5 16 7 17 6 18 7 19 8 20 10 21 3 22 3 23 5 24 1 25 4 26 8 27 1 28 8 29 8 30 1 31 7 32 8 33 1 34 7 35 7 36 4 37 10 38 7 39 6 40 10 41 8 42 8 43 2 44 4 45 8 46 8 47 5 48 1 49 10 50 9 51 4 52 4 53 3 54 7 55 6 56 2 57 3 58 10 59 6 60 6 61 4 62 10 63 7 64 3 65 2 66 7 67 10 68 3 69 1 70 7 71 10 72 4 73 9 74 7 75 9 76 10 77 7 78 7 79 2 80 6;
param besoinRessource : 1 2 3 4 :=
                    1   4 2 9 1
                    2   4 8 10 2
                    3   2 6 1 1
                    4   4 8 8 2
                    5   3 4 2 2
                    6   4 4 4 1
                    7   2 4 3 2
                    8   1 4 3 2
                    9   3 5 10 1
                    10   4 1 0 1
                    11   1 3 5 1
                    12   4 2 6 1
                    13   2 1 4 1
                    14   2 8 10 2
                    15   3 5 8 2
                    16   3 8 10 2
                    17   3 7 10 1
                    18   3 4 5 1
                    19   3 3 7 1
                    20   4 3 7 2
                    21   4 2 7 1
                    22   1 3 3 2
                    23   1 5 1 2
                    24   4 4 10 1
                    25   1 8 0 2
                    26   3 4 5 2
                    27   2 3 7 1
                    28   4 4 4 1
                    29   3 5 4 1
                    30   3 6 7 2
                    31   3 1 4 2
                    32   1 1 7 1
                    33   3 7 3 1
                    34   2 5 9 2
                    35   2 6 10 2
                    36   3 2 10 2
                    37   4 7 1 1
                    38   4 6 2 1
                    39   3 3 3 1
                    40   2 1 8 1
                    41   1 7 0 2
                    42   3 2 0 1
                    43   3 5 5 2
                    44   2 7 3 2
                    45   1 5 7 1
                    46   3 1 1 2
                    47   1 5 1 1
                    48   2 6 7 2
                    49   1 3 0 1
                    50   2 5 9 1
                    51   4 8 10 1
                    52   1 2 7 2
                    53   4 1 0 1
                    54   3 2 9 2
                    55   1 7 0 2
                    56   2 5 6 1
                    57   2 6 7 1
                    58   1 1 10 1
                    59   3 8 0 2
                    60   3 5 1 1
                    61   4 4 6 1
                    62   2 7 8 1
                    63   1 6 9 1
                    64   3 2 2 2
                    65   1 8 1 2
                    66   1 8 7 1
                    67   2 4 1 2
                    68   2 1 1 2
                    69   3 7 1 1
                    70   1 6 9 2
                    71   4 3 6 1
                    72   4 8 1 2
                    73   4 5 6 1
                    74   1 4 10 1
                    75   2 5 4 2
                    76   2 3 6 1
                    77   1 5 6 1
                    78   1 6 10 2
                    79   4 8 9 2
                    80   2 5 0 2;
param nombreMachine := 5;
param capaciteRessource : 1 2 3 4 :=
                    1     6 10 19 6
                    2     6 11 15 6
                    3     6 13 15 7
                    4     8 13 15 6
                    5     8 10 19 4
end;

