data;
param nombreTypeRessource := 4;
param nombreJob := 80;
param job duree := 1 8 2 3 3 4 4 7 5 8 6 2 7 2 8 6 9 10 10 5 11 3 12 2 13 1 14 6 15 10 16 1 17 10 18 3 19 10 20 3 21 9 22 9 23 4 24 6 25 8 26 3 27 1 28 2 29 6 30 3 31 1 32 3 33 3 34 10 35 5 36 10 37 3 38 8 39 9 40 6 41 7 42 7 43 7 44 9 45 8 46 2 47 5 48 3 49 5 50 5 51 8 52 6 53 10 54 4 55 1 56 8 57 4 58 10 59 10 60 5 61 5 62 4 63 5 64 10 65 10 66 7 67 10 68 4 69 4 70 5 71 7 72 9 73 4 74 3 75 9 76 3 77 10 78 6 79 8 80 9;
param besoinRessource : 1 2 3 4 :=
                    1   1 3 0 1
                    2   1 8 0 1
                    3   4 3 9 1
                    4   3 6 4 2
                    5   3 5 1 2
                    6   3 1 1 2
                    7   1 6 7 1
                    8   2 2 0 1
                    9   2 5 5 1
                    10   4 2 8 1
                    11   4 3 5 1
                    12   1 3 3 1
                    13   1 7 1 1
                    14   1 8 2 2
                    15   2 1 9 1
                    16   3 1 1 2
                    17   2 2 7 1
                    18   3 2 10 1
                    19   4 3 1 1
                    20   2 3 5 1
                    21   2 8 7 1
                    22   3 3 6 1
                    23   1 1 0 2
                    24   1 1 7 2
                    25   3 2 6 1
                    26   3 3 3 2
                    27   4 2 5 1
                    28   4 1 10 1
                    29   3 2 7 2
                    30   4 3 3 2
                    31   1 2 2 2
                    32   4 1 1 2
                    33   1 4 7 1
                    34   1 5 2 1
                    35   4 3 0 1
                    36   1 8 6 1
                    37   3 4 6 2
                    38   4 3 4 1
                    39   1 2 5 2
                    40   1 6 7 1
                    41   3 4 6 1
                    42   3 3 9 2
                    43   2 4 0 1
                    44   4 2 8 2
                    45   2 3 2 2
                    46   4 3 7 2
                    47   2 1 6 2
                    48   3 4 6 1
                    49   2 4 5 1
                    50   1 5 6 2
                    51   1 5 5 2
                    52   4 1 4 1
                    53   3 4 4 1
                    54   3 1 3 1
                    55   1 1 10 2
                    56   3 6 9 2
                    57   2 6 2 1
                    58   3 1 10 1
                    59   3 6 10 1
                    60   4 2 0 1
                    61   4 5 8 1
                    62   1 7 9 2
                    63   2 2 7 2
                    64   2 2 3 1
                    65   3 5 9 2
                    66   4 6 4 1
                    67   1 6 4 1
                    68   4 3 0 1
                    69   1 6 8 2
                    70   3 2 8 1
                    71   4 3 1 1
                    72   3 7 10 2
                    73   2 8 1 2
                    74   3 5 8 2
                    75   4 6 4 2
                    76   2 6 1 1
                    77   4 6 4 1
                    78   1 4 2 1
                    79   4 1 1 1
                    80   2 1 0 1;
param nombreMachine := 5;
param capaciteRessource : 1 2 3 4 :=
                    1     7 13 19 4
                    2     6 11 16 5
                    3     8 15 16 7
                    4     7 16 18 8
                    5     8 16 15 8
end;

