data;
param nombreTypeRessource := 4;
param nombreJob := 80;
param job duree := 1 9 2 6 3 6 4 8 5 6 6 9 7 7 8 3 9 4 10 10 11 3 12 2 13 6 14 3 15 9 16 5 17 1 18 10 19 1 20 6 21 8 22 8 23 6 24 2 25 6 26 2 27 5 28 3 29 4 30 2 31 7 32 5 33 2 34 3 35 5 36 5 37 5 38 10 39 10 40 2 41 1 42 3 43 5 44 4 45 7 46 10 47 1 48 5 49 10 50 6 51 1 52 6 53 7 54 6 55 3 56 1 57 1 58 10 59 4 60 3 61 4 62 2 63 10 64 4 65 2 66 3 67 1 68 10 69 8 70 7 71 5 72 9 73 8 74 10 75 8 76 8 77 4 78 7 79 8 80 1;
param besoinRessource : 1 2 3 4 :=
                    1   1 7 4 2
                    2   3 3 5 1
                    3   3 3 0 2
                    4   1 6 4 1
                    5   4 2 7 2
                    6   4 3 9 1
                    7   2 1 1 1
                    8   4 3 6 2
                    9   3 7 0 2
                    10   3 6 5 2
                    11   3 3 7 2
                    12   3 7 0 2
                    13   2 6 4 2
                    14   1 3 4 1
                    15   2 7 10 1
                    16   3 4 6 1
                    17   4 4 0 2
                    18   1 4 8 1
                    19   1 8 10 2
                    20   1 2 8 2
                    21   4 6 10 2
                    22   1 7 2 1
                    23   2 2 10 1
                    24   2 2 6 1
                    25   2 5 2 2
                    26   1 1 8 2
                    27   4 7 5 2
                    28   3 7 1 1
                    29   3 1 2 1
                    30   2 7 4 2
                    31   2 7 4 2
                    32   3 4 5 2
                    33   4 5 0 2
                    34   4 2 6 1
                    35   2 2 8 1
                    36   2 4 1 1
                    37   4 4 5 1
                    38   3 5 0 2
                    39   4 1 9 2
                    40   4 3 8 2
                    41   1 6 10 2
                    42   3 7 3 1
                    43   1 8 0 2
                    44   1 4 2 1
                    45   2 4 7 2
                    46   4 2 0 2
                    47   3 7 6 2
                    48   2 4 8 1
                    49   1 4 1 2
                    50   2 7 3 2
                    51   4 1 6 1
                    52   1 6 0 2
                    53   3 7 2 2
                    54   3 3 10 1
                    55   3 4 5 1
                    56   3 1 7 1
                    57   4 4 1 1
                    58   4 2 4 1
                    59   1 2 8 2
                    60   3 4 10 2
                    61   4 3 6 2
                    62   4 2 2 1
                    63   2 7 1 1
                    64   2 4 7 2
                    65   1 3 3 1
                    66   2 3 9 1
                    67   4 5 5 1
                    68   2 3 3 2
                    69   2 4 3 1
                    70   2 4 0 1
                    71   3 4 10 2
                    72   1 6 8 2
                    73   3 2 8 2
                    74   2 7 8 1
                    75   2 7 1 2
                    76   4 2 3 1
                    77   1 7 4 1
                    78   4 2 4 1
                    79   4 8 2 2
                    80   1 4 7 1;
param nombreMachine := 5;
param capaciteRessource : 1 2 3 4 :=
                    1     7 16 19 4
                    2     6 12 18 7
                    3     8 10 20 4
                    4     7 16 19 4
                    5     8 14 20 8
end;

