data;
param nombreTypeRessource := 4;
param nombreJob := 80;
param job duree := 1 5 2 5 3 7 4 6 5 8 6 10 7 10 8 1 9 9 10 3 11 9 12 9 13 7 14 8 15 2 16 1 17 6 18 10 19 10 20 1 21 3 22 6 23 1 24 5 25 4 26 1 27 5 28 8 29 5 30 2 31 10 32 3 33 7 34 2 35 2 36 8 37 2 38 7 39 9 40 5 41 6 42 10 43 1 44 3 45 8 46 1 47 9 48 10 49 10 50 9 51 5 52 10 53 5 54 3 55 7 56 4 57 6 58 6 59 3 60 4 61 1 62 5 63 10 64 9 65 4 66 10 67 10 68 8 69 8 70 10 71 1 72 3 73 4 74 5 75 5 76 3 77 2 78 7 79 7 80 10;
param besoinRessource : 1 2 3 4 :=
                    1   1 7 4 2
                    2   4 4 1 1
                    3   3 3 8 2
                    4   2 5 1 2
                    5   1 5 4 1
                    6   3 7 4 1
                    7   1 5 9 1
                    8   1 4 4 2
                    9   3 1 2 2
                    10   2 5 0 2
                    11   3 1 7 2
                    12   1 6 10 1
                    13   4 1 5 2
                    14   4 4 0 2
                    15   1 5 2 1
                    16   4 6 3 2
                    17   3 6 6 2
                    18   3 5 2 2
                    19   3 4 0 2
                    20   2 2 7 2
                    21   2 7 7 1
                    22   4 6 0 2
                    23   2 1 8 1
                    24   4 5 2 1
                    25   3 4 8 1
                    26   2 1 3 1
                    27   4 3 9 2
                    28   3 7 10 1
                    29   2 8 4 2
                    30   2 8 4 2
                    31   2 8 3 1
                    32   3 1 6 1
                    33   2 1 9 1
                    34   4 7 10 1
                    35   4 1 1 1
                    36   3 7 0 2
                    37   1 6 1 2
                    38   3 1 5 2
                    39   1 8 9 1
                    40   1 3 8 2
                    41   4 7 8 1
                    42   2 1 1 1
                    43   1 1 1 1
                    44   3 5 3 1
                    45   2 7 7 2
                    46   4 2 10 1
                    47   4 5 0 2
                    48   4 5 10 2
                    49   2 8 10 2
                    50   2 5 5 1
                    51   1 2 6 2
                    52   1 3 10 1
                    53   1 5 2 1
                    54   1 2 2 1
                    55   2 3 6 2
                    56   4 5 0 1
                    57   2 6 10 1
                    58   4 5 9 1
                    59   3 3 9 2
                    60   4 5 2 2
                    61   1 8 4 1
                    62   3 1 0 1
                    63   4 7 5 1
                    64   1 4 9 2
                    65   1 4 1 2
                    66   4 8 6 1
                    67   1 2 2 2
                    68   2 3 8 1
                    69   1 2 7 1
                    70   3 5 8 1
                    71   2 1 1 1
                    72   4 2 8 1
                    73   4 4 9 2
                    74   1 5 1 1
                    75   2 1 1 2
                    76   3 5 1 2
                    77   2 3 8 1
                    78   1 1 6 1
                    79   1 2 5 2
                    80   4 6 6 2;
param nombreMachine := 5;
param capaciteRessource : 1 2 3 4 :=
                    1     6 12 19 4
                    2     7 15 20 8
                    3     7 14 17 7
                    4     6 16 15 4
                    5     8 16 13 7
end;

