data;
param nombreTypeRessource := 4;
param nombreJob := 80;
param job duree := 1 10 2 4 3 2 4 9 5 2 6 5 7 4 8 4 9 4 10 1 11 4 12 1 13 3 14 3 15 9 16 7 17 5 18 10 19 6 20 4 21 5 22 10 23 7 24 10 25 6 26 9 27 10 28 10 29 5 30 6 31 10 32 8 33 4 34 3 35 8 36 8 37 8 38 2 39 6 40 9 41 4 42 8 43 5 44 7 45 10 46 6 47 7 48 2 49 8 50 6 51 10 52 5 53 6 54 4 55 6 56 1 57 8 58 3 59 6 60 2 61 8 62 5 63 5 64 6 65 5 66 2 67 5 68 1 69 8 70 2 71 3 72 5 73 5 74 4 75 3 76 9 77 4 78 6 79 7 80 1;
param besoinRessource : 1 2 3 4 :=
                    1   4 1 4 1
                    2   2 8 0 2
                    3   4 7 6 1
                    4   4 2 0 2
                    5   2 2 6 1
                    6   1 3 5 1
                    7   2 6 6 1
                    8   4 5 8 1
                    9   3 1 1 1
                    10   4 1 10 2
                    11   4 4 9 2
                    12   4 4 7 2
                    13   1 7 4 1
                    14   3 7 7 2
                    15   4 2 7 2
                    16   4 3 7 1
                    17   3 7 5 2
                    18   1 5 2 2
                    19   2 8 1 2
                    20   3 2 0 2
                    21   2 1 0 1
                    22   2 4 10 1
                    23   3 7 3 2
                    24   4 6 6 1
                    25   2 8 7 1
                    26   3 6 3 2
                    27   3 6 0 2
                    28   1 6 10 2
                    29   2 2 8 1
                    30   4 4 3 1
                    31   2 8 7 1
                    32   3 2 1 2
                    33   1 6 1 1
                    34   1 8 3 2
                    35   2 5 9 2
                    36   1 3 3 1
                    37   3 4 0 2
                    38   3 1 8 1
                    39   4 1 7 1
                    40   2 3 6 1
                    41   3 3 1 2
                    42   4 6 0 1
                    43   2 8 10 1
                    44   3 5 0 2
                    45   4 2 3 1
                    46   1 3 2 2
                    47   3 2 3 1
                    48   3 5 9 1
                    49   3 6 10 2
                    50   1 8 4 1
                    51   4 4 5 2
                    52   4 5 5 1
                    53   4 7 7 1
                    54   2 8 4 2
                    55   2 7 5 1
                    56   1 8 3 2
                    57   4 2 5 2
                    58   3 3 1 2
                    59   3 4 4 1
                    60   1 2 5 2
                    61   2 7 9 2
                    62   3 6 5 1
                    63   3 2 9 2
                    64   2 3 0 2
                    65   3 2 4 2
                    66   1 6 0 2
                    67   1 3 5 1
                    68   3 7 8 1
                    69   2 7 4 1
                    70   4 4 0 1
                    71   2 5 3 1
                    72   1 3 10 1
                    73   3 3 1 1
                    74   3 1 2 2
                    75   1 8 2 2
                    76   4 4 2 2
                    77   4 8 9 2
                    78   1 7 9 1
                    79   2 1 9 1
                    80   4 7 0 1;
param nombreMachine := 5;
param capaciteRessource : 1 2 3 4 :=
                    1     8 16 12 4
                    2     6 13 16 6
                    3     6 11 16 7
                    4     8 11 13 7
                    5     6 15 13 7
end;

