data;
param nombreTypeRessource := 4;
param nombreJob := 80;
param job duree := 1 9 2 9 3 9 4 9 5 7 6 2 7 1 8 6 9 6 10 10 11 9 12 8 13 9 14 5 15 1 16 8 17 5 18 5 19 1 20 7 21 8 22 9 23 10 24 10 25 10 26 10 27 6 28 1 29 9 30 2 31 6 32 7 33 7 34 2 35 4 36 2 37 1 38 6 39 5 40 3 41 10 42 3 43 3 44 5 45 8 46 5 47 9 48 3 49 5 50 9 51 7 52 8 53 8 54 3 55 1 56 9 57 3 58 4 59 7 60 4 61 4 62 1 63 5 64 8 65 9 66 3 67 2 68 6 69 5 70 9 71 6 72 8 73 7 74 9 75 9 76 2 77 7 78 8 79 8 80 10;
param besoinRessource : 1 2 3 4 :=
                    1   4 6 1 2
                    2   3 5 6 1
                    3   4 5 10 1
                    4   2 1 10 2
                    5   2 6 4 1
                    6   2 8 7 1
                    7   4 5 3 1
                    8   1 3 10 2
                    9   2 5 9 2
                    10   1 3 9 1
                    11   4 4 0 1
                    12   3 8 0 2
                    13   3 4 3 2
                    14   2 2 1 1
                    15   1 8 2 1
                    16   1 3 6 2
                    17   1 1 9 1
                    18   4 8 1 1
                    19   3 4 2 2
                    20   2 6 8 1
                    21   1 2 4 2
                    22   1 7 1 1
                    23   3 8 4 1
                    24   1 1 9 2
                    25   1 8 8 2
                    26   3 5 6 1
                    27   1 2 4 1
                    28   1 7 7 2
                    29   4 7 8 1
                    30   4 4 0 2
                    31   1 3 4 2
                    32   2 1 10 1
                    33   1 5 2 1
                    34   2 5 0 2
                    35   4 7 4 1
                    36   3 5 2 2
                    37   3 8 1 2
                    38   1 2 9 2
                    39   3 8 4 1
                    40   3 5 0 2
                    41   2 8 0 1
                    42   2 5 8 2
                    43   2 7 8 1
                    44   4 1 8 1
                    45   3 7 0 1
                    46   4 5 9 1
                    47   3 3 6 2
                    48   3 7 6 1
                    49   1 4 9 2
                    50   3 2 5 1
                    51   3 7 1 2
                    52   2 6 1 2
                    53   4 2 9 2
                    54   4 4 5 1
                    55   1 4 7 2
                    56   3 7 8 2
                    57   1 8 2 2
                    58   1 6 2 2
                    59   2 1 3 2
                    60   4 1 5 2
                    61   2 5 8 1
                    62   4 7 5 2
                    63   2 7 10 2
                    64   1 8 0 2
                    65   3 3 7 2
                    66   3 3 0 1
                    67   2 8 5 1
                    68   1 6 8 2
                    69   1 6 6 2
                    70   1 2 7 2
                    71   1 3 5 2
                    72   1 1 10 1
                    73   1 7 10 2
                    74   1 3 7 1
                    75   2 3 2 1
                    76   1 2 0 2
                    77   4 5 3 1
                    78   2 3 5 2
                    79   3 3 9 2
                    80   3 6 0 2;
param nombreMachine := 5;
param capaciteRessource : 1 2 3 4 :=
                    1     6 10 20 4
                    2     8 15 13 8
                    3     6 12 18 7
                    4     8 16 18 7
                    5     6 14 20 7
end;

