data;
param nombreTypeRessource := 4;
param nombreJob := 80;
param job duree := 1 4 2 4 3 4 4 8 5 1 6 10 7 1 8 8 9 4 10 7 11 3 12 6 13 9 14 4 15 4 16 5 17 3 18 9 19 9 20 3 21 10 22 6 23 4 24 4 25 10 26 9 27 8 28 7 29 1 30 6 31 5 32 2 33 5 34 7 35 10 36 5 37 7 38 3 39 7 40 8 41 3 42 3 43 9 44 6 45 4 46 1 47 1 48 8 49 2 50 1 51 5 52 5 53 3 54 10 55 7 56 5 57 4 58 10 59 10 60 4 61 9 62 10 63 6 64 10 65 6 66 4 67 1 68 5 69 5 70 9 71 9 72 6 73 1 74 2 75 3 76 6 77 3 78 10 79 7 80 6;
param besoinRessource : 1 2 3 4 :=
                    1   4 8 10 2
                    2   4 6 2 2
                    3   2 6 10 2
                    4   3 1 10 2
                    5   1 5 7 1
                    6   4 8 6 2
                    7   2 2 6 1
                    8   3 5 8 2
                    9   2 1 4 1
                    10   4 4 0 1
                    11   4 1 10 1
                    12   4 3 7 1
                    13   4 5 5 1
                    14   4 7 5 2
                    15   4 1 4 1
                    16   3 7 10 1
                    17   1 2 6 1
                    18   3 8 5 2
                    19   2 7 6 2
                    20   4 1 0 2
                    21   2 1 4 2
                    22   4 3 3 2
                    23   1 8 3 1
                    24   1 1 0 1
                    25   2 2 4 2
                    26   2 2 4 2
                    27   4 3 5 2
                    28   3 7 1 1
                    29   2 4 5 2
                    30   4 5 4 1
                    31   4 6 7 1
                    32   4 4 8 2
                    33   1 7 2 1
                    34   1 6 2 1
                    35   3 1 0 2
                    36   2 7 5 1
                    37   4 6 0 1
                    38   3 4 10 2
                    39   1 5 3 2
                    40   4 8 6 2
                    41   4 4 4 2
                    42   4 6 3 1
                    43   3 1 3 1
                    44   3 5 2 2
                    45   1 2 0 1
                    46   3 7 10 2
                    47   3 5 8 2
                    48   3 8 0 2
                    49   1 2 10 2
                    50   1 2 6 1
                    51   2 6 5 1
                    52   2 6 3 1
                    53   3 6 3 1
                    54   2 6 9 1
                    55   1 8 8 2
                    56   3 2 4 2
                    57   3 5 6 1
                    58   4 8 4 2
                    59   1 7 1 2
                    60   1 8 3 1
                    61   2 6 2 1
                    62   4 3 4 1
                    63   4 4 2 1
                    64   4 2 10 1
                    65   3 2 7 1
                    66   3 3 1 1
                    67   4 5 10 1
                    68   4 3 8 1
                    69   1 2 4 2
                    70   4 3 6 1
                    71   2 1 7 2
                    72   1 2 2 1
                    73   1 1 2 1
                    74   2 2 2 2
                    75   2 4 7 2
                    76   4 7 6 2
                    77   1 8 8 1
                    78   2 4 0 2
                    79   1 3 7 2
                    80   4 6 0 2;
param nombreMachine := 5;
param capaciteRessource : 1 2 3 4 :=
                    1     7 15 15 6
                    2     8 12 16 7
                    3     7 13 18 5
                    4     7 13 19 6
                    5     7 13 18 7
end;

