data;
param nombreTypeRessource := 4;
param nombreJob := 80;
param job duree := 1 8 2 7 3 6 4 2 5 3 6 5 7 3 8 9 9 6 10 6 11 9 12 7 13 4 14 6 15 2 16 8 17 10 18 1 19 2 20 9 21 8 22 10 23 6 24 6 25 5 26 1 27 2 28 6 29 3 30 3 31 9 32 8 33 6 34 5 35 10 36 1 37 8 38 3 39 1 40 6 41 5 42 1 43 2 44 7 45 5 46 3 47 5 48 9 49 6 50 9 51 7 52 2 53 4 54 6 55 8 56 5 57 1 58 4 59 2 60 10 61 6 62 5 63 3 64 6 65 6 66 9 67 2 68 1 69 3 70 1 71 7 72 9 73 3 74 7 75 8 76 5 77 5 78 8 79 7 80 4;
param besoinRessource : 1 2 3 4 :=
                    1   3 5 10 2
                    2   1 7 10 1
                    3   3 3 2 1
                    4   2 4 4 2
                    5   4 4 0 2
                    6   4 2 8 1
                    7   4 8 4 2
                    8   1 5 4 2
                    9   3 6 2 2
                    10   2 2 5 1
                    11   3 5 2 2
                    12   1 7 4 2
                    13   1 6 3 1
                    14   1 3 3 1
                    15   1 5 9 1
                    16   1 8 0 2
                    17   1 4 1 1
                    18   4 7 5 1
                    19   2 6 2 2
                    20   2 5 2 1
                    21   1 1 5 1
                    22   4 6 3 1
                    23   3 2 10 1
                    24   2 5 7 2
                    25   2 6 7 2
                    26   2 2 5 2
                    27   2 3 8 1
                    28   4 6 4 2
                    29   4 7 10 1
                    30   1 7 10 1
                    31   3 3 3 2
                    32   1 3 9 2
                    33   1 2 3 2
                    34   3 5 7 1
                    35   4 6 3 2
                    36   4 1 0 1
                    37   3 4 0 1
                    38   2 4 7 1
                    39   1 2 5 2
                    40   1 6 6 2
                    41   3 3 2 1
                    42   4 8 2 1
                    43   3 1 7 1
                    44   1 1 1 2
                    45   4 3 1 2
                    46   2 1 0 1
                    47   1 5 9 1
                    48   3 5 8 1
                    49   4 7 7 2
                    50   2 2 6 2
                    51   1 5 10 2
                    52   4 7 8 2
                    53   2 1 5 1
                    54   1 7 8 2
                    55   2 6 2 2
                    56   1 7 8 2
                    57   2 2 5 1
                    58   4 8 9 1
                    59   2 6 8 2
                    60   4 4 8 1
                    61   1 1 8 1
                    62   3 8 1 2
                    63   4 1 4 2
                    64   2 5 6 1
                    65   3 6 6 1
                    66   3 5 4 1
                    67   3 4 9 2
                    68   3 5 4 1
                    69   2 6 6 2
                    70   1 5 2 2
                    71   3 3 0 1
                    72   2 8 1 1
                    73   4 3 9 2
                    74   3 3 3 1
                    75   2 3 10 1
                    76   4 4 3 2
                    77   3 2 4 1
                    78   2 3 7 2
                    79   3 1 5 2
                    80   3 4 5 2;
param nombreMachine := 5;
param capaciteRessource : 1 2 3 4 :=
                    1     8 15 13 7
                    2     8 16 12 8
                    3     7 15 12 5
                    4     7 11 15 4
                    5     7 11 12 7
end;

