data;
param nombreTypeRessource := 4;
param nombreJob := 80;
param job duree := 1 6 2 8 3 6 4 7 5 5 6 10 7 7 8 3 9 6 10 5 11 7 12 10 13 9 14 5 15 1 16 6 17 3 18 8 19 8 20 1 21 9 22 2 23 5 24 2 25 5 26 10 27 3 28 5 29 4 30 9 31 7 32 10 33 10 34 4 35 6 36 10 37 10 38 1 39 9 40 6 41 5 42 8 43 9 44 4 45 6 46 5 47 5 48 7 49 8 50 3 51 10 52 5 53 6 54 8 55 5 56 7 57 9 58 7 59 5 60 9 61 5 62 2 63 3 64 4 65 8 66 9 67 8 68 10 69 9 70 5 71 6 72 3 73 2 74 4 75 5 76 3 77 5 78 3 79 6 80 6;
param besoinRessource : 1 2 3 4 :=
                    1   3 5 10 2
                    2   1 1 9 2
                    3   3 6 3 1
                    4   4 6 1 1
                    5   1 2 9 1
                    6   1 7 10 2
                    7   4 4 5 2
                    8   3 4 7 1
                    9   2 7 6 2
                    10   3 5 4 2
                    11   4 2 4 1
                    12   2 3 0 1
                    13   1 2 1 2
                    14   1 6 7 2
                    15   1 2 2 2
                    16   4 4 6 2
                    17   4 5 7 1
                    18   3 7 8 2
                    19   1 8 8 1
                    20   3 1 4 1
                    21   2 7 7 2
                    22   1 4 10 2
                    23   1 7 3 2
                    24   2 6 1 1
                    25   4 6 0 1
                    26   2 6 7 1
                    27   2 3 6 2
                    28   3 4 8 1
                    29   4 6 5 1
                    30   1 5 6 2
                    31   1 7 1 2
                    32   2 4 1 1
                    33   3 7 8 1
                    34   3 1 10 1
                    35   1 3 1 2
                    36   3 1 7 1
                    37   4 6 9 2
                    38   3 3 1 2
                    39   4 8 7 2
                    40   3 1 1 2
                    41   1 1 5 2
                    42   1 1 4 1
                    43   2 7 2 1
                    44   4 1 1 1
                    45   3 5 0 1
                    46   4 3 10 1
                    47   2 8 7 2
                    48   2 6 7 2
                    49   2 6 0 1
                    50   4 5 4 2
                    51   1 1 8 2
                    52   2 3 5 1
                    53   2 1 7 2
                    54   2 3 1 2
                    55   3 7 4 1
                    56   3 6 7 2
                    57   4 7 5 1
                    58   1 7 7 1
                    59   2 5 6 1
                    60   2 7 9 1
                    61   3 6 6 2
                    62   2 6 4 2
                    63   3 6 6 1
                    64   3 3 7 2
                    65   4 3 2 1
                    66   4 8 1 1
                    67   3 5 9 1
                    68   4 4 8 1
                    69   4 1 3 1
                    70   4 6 4 1
                    71   4 3 8 2
                    72   3 7 8 1
                    73   2 1 4 1
                    74   4 3 9 1
                    75   3 4 10 1
                    76   1 1 4 1
                    77   4 6 2 2
                    78   2 6 8 1
                    79   4 5 6 1
                    80   4 6 9 2;
param nombreMachine := 5;
param capaciteRessource : 1 2 3 4 :=
                    1     6 10 15 8
                    2     6 15 14 6
                    3     7 10 18 6
                    4     6 12 17 4
                    5     7 10 14 4
end;

