data;
param nombreTypeRessource := 4;
param nombreJob := 80;
param job duree := 1 4 2 10 3 3 4 3 5 10 6 3 7 6 8 9 9 10 10 6 11 1 12 1 13 9 14 7 15 8 16 6 17 7 18 8 19 7 20 1 21 7 22 10 23 8 24 7 25 2 26 9 27 6 28 4 29 5 30 1 31 7 32 1 33 2 34 2 35 9 36 3 37 3 38 9 39 3 40 8 41 6 42 4 43 6 44 6 45 10 46 8 47 10 48 3 49 3 50 9 51 2 52 10 53 5 54 9 55 10 56 10 57 5 58 3 59 7 60 3 61 9 62 8 63 7 64 4 65 6 66 5 67 4 68 8 69 8 70 1 71 9 72 8 73 1 74 4 75 3 76 6 77 2 78 6 79 9 80 1;
param besoinRessource : 1 2 3 4 :=
                    1   1 4 1 2
                    2   3 7 6 1
                    3   4 1 10 2
                    4   4 7 6 1
                    5   1 4 5 1
                    6   2 8 9 2
                    7   2 3 2 1
                    8   3 3 2 2
                    9   1 8 4 2
                    10   4 6 0 1
                    11   4 7 2 1
                    12   3 6 7 1
                    13   2 7 4 2
                    14   4 7 10 1
                    15   1 8 10 2
                    16   3 3 3 2
                    17   2 6 7 1
                    18   1 4 1 2
                    19   1 4 1 2
                    20   4 1 7 2
                    21   3 6 4 2
                    22   2 2 3 1
                    23   2 4 2 1
                    24   4 6 2 1
                    25   4 7 7 1
                    26   2 3 10 1
                    27   3 1 3 1
                    28   2 6 1 2
                    29   1 7 0 1
                    30   2 7 6 2
                    31   4 1 3 2
                    32   1 7 0 1
                    33   4 4 2 1
                    34   1 2 5 1
                    35   3 2 2 2
                    36   4 8 2 2
                    37   2 2 5 1
                    38   2 4 1 1
                    39   1 6 7 1
                    40   2 8 8 1
                    41   3 2 2 2
                    42   2 4 8 1
                    43   2 1 9 1
                    44   2 2 10 1
                    45   1 7 9 1
                    46   2 5 2 1
                    47   2 1 8 2
                    48   3 2 7 1
                    49   1 2 3 1
                    50   3 6 4 2
                    51   4 6 5 2
                    52   2 4 6 2
                    53   2 5 8 2
                    54   2 3 2 1
                    55   3 6 8 1
                    56   2 5 4 1
                    57   2 2 1 1
                    58   3 8 3 1
                    59   1 8 0 1
                    60   1 5 0 1
                    61   2 5 1 1
                    62   4 2 7 2
                    63   1 7 2 1
                    64   2 2 9 2
                    65   3 4 0 1
                    66   2 5 1 2
                    67   3 1 2 2
                    68   4 6 7 1
                    69   3 5 7 1
                    70   1 6 6 1
                    71   4 7 2 2
                    72   1 2 5 2
                    73   4 2 4 2
                    74   4 6 1 2
                    75   3 6 8 2
                    76   1 1 5 1
                    77   4 2 7 1
                    78   4 2 4 1
                    79   4 2 9 2
                    80   4 3 3 2;
param nombreMachine := 5;
param capaciteRessource : 1 2 3 4 :=
                    1     8 10 20 4
                    2     8 14 16 6
                    3     6 12 16 5
                    4     6 12 14 4
                    5     7 14 16 5
end;

