data;
param nombreTypeRessource := 4;
param nombreJob := 80;
param job duree := 1 6 2 1 3 1 4 5 5 7 6 8 7 5 8 5 9 2 10 8 11 3 12 1 13 2 14 3 15 5 16 2 17 10 18 1 19 6 20 1 21 5 22 3 23 9 24 10 25 2 26 8 27 5 28 10 29 5 30 7 31 8 32 8 33 8 34 1 35 4 36 6 37 3 38 9 39 10 40 5 41 9 42 10 43 7 44 8 45 4 46 9 47 5 48 5 49 1 50 6 51 6 52 6 53 2 54 8 55 1 56 7 57 3 58 2 59 2 60 9 61 4 62 8 63 4 64 8 65 8 66 2 67 1 68 2 69 10 70 1 71 4 72 2 73 3 74 10 75 4 76 7 77 3 78 7 79 1 80 8;
param besoinRessource : 1 2 3 4 :=
                    1   1 6 3 1
                    2   1 6 6 2
                    3   3 5 10 1
                    4   1 3 3 1
                    5   3 6 9 1
                    6   1 5 9 1
                    7   1 6 5 2
                    8   1 2 10 1
                    9   4 3 7 2
                    10   3 7 8 2
                    11   1 5 9 2
                    12   1 8 1 2
                    13   2 3 6 2
                    14   1 2 5 1
                    15   2 4 2 2
                    16   4 2 4 2
                    17   3 1 1 1
                    18   2 8 4 2
                    19   1 5 5 1
                    20   2 6 2 1
                    21   3 3 4 2
                    22   3 7 3 1
                    23   4 4 7 1
                    24   1 1 2 1
                    25   3 4 1 2
                    26   2 5 6 2
                    27   2 6 6 1
                    28   3 4 4 1
                    29   3 2 7 2
                    30   3 8 10 1
                    31   2 7 5 1
                    32   3 8 5 1
                    33   4 7 3 1
                    34   1 4 4 1
                    35   2 8 8 1
                    36   1 4 7 2
                    37   3 2 10 2
                    38   2 4 5 1
                    39   1 5 9 2
                    40   4 2 8 2
                    41   4 4 3 1
                    42   4 7 3 1
                    43   1 6 1 1
                    44   4 6 0 1
                    45   4 3 3 1
                    46   4 3 1 2
                    47   1 8 2 1
                    48   3 2 0 2
                    49   3 4 5 2
                    50   2 3 3 1
                    51   3 8 0 2
                    52   3 3 5 1
                    53   3 4 2 2
                    54   2 7 4 2
                    55   3 7 10 2
                    56   3 3 6 1
                    57   4 8 9 2
                    58   3 1 1 1
                    59   1 5 1 2
                    60   3 8 9 2
                    61   3 3 6 2
                    62   4 8 2 1
                    63   4 6 0 2
                    64   3 6 2 2
                    65   4 1 2 2
                    66   4 7 4 1
                    67   4 8 1 2
                    68   2 7 6 2
                    69   1 2 4 1
                    70   2 3 9 1
                    71   4 5 3 2
                    72   1 7 10 2
                    73   1 6 10 1
                    74   3 4 3 1
                    75   2 7 0 2
                    76   2 6 1 2
                    77   1 7 9 2
                    78   3 4 4 1
                    79   3 3 4 2
                    80   3 3 1 1;
param nombreMachine := 5;
param capaciteRessource : 1 2 3 4 :=
                    1     6 10 20 7
                    2     6 11 12 5
                    3     7 15 18 4
                    4     7 16 16 8
                    5     7 11 14 8
end;

