data;
param nombreTypeRessource := 4;
param nombreJob := 80;
param job duree := 1 10 2 1 3 3 4 10 5 7 6 3 7 7 8 8 9 3 10 10 11 5 12 2 13 2 14 5 15 4 16 5 17 9 18 3 19 2 20 6 21 9 22 5 23 1 24 2 25 2 26 1 27 8 28 1 29 7 30 1 31 4 32 2 33 2 34 4 35 6 36 5 37 7 38 3 39 8 40 1 41 6 42 7 43 4 44 1 45 1 46 7 47 1 48 2 49 8 50 3 51 5 52 10 53 10 54 5 55 4 56 9 57 1 58 9 59 3 60 3 61 7 62 2 63 5 64 5 65 3 66 3 67 5 68 9 69 3 70 2 71 6 72 6 73 10 74 5 75 7 76 7 77 3 78 10 79 10 80 3;
param besoinRessource : 1 2 3 4 :=
                    1   2 6 7 2
                    2   1 6 4 2
                    3   4 7 0 2
                    4   2 3 2 2
                    5   3 8 4 2
                    6   2 7 4 2
                    7   2 4 0 1
                    8   3 3 2 1
                    9   4 1 10 2
                    10   4 6 8 1
                    11   4 3 10 1
                    12   3 4 2 1
                    13   4 2 5 2
                    14   4 3 10 2
                    15   4 5 0 1
                    16   1 4 4 1
                    17   2 6 1 1
                    18   2 3 10 2
                    19   4 4 9 2
                    20   2 5 1 2
                    21   2 5 4 1
                    22   2 2 6 1
                    23   4 1 2 2
                    24   4 3 0 2
                    25   4 4 3 2
                    26   4 1 8 1
                    27   3 3 7 1
                    28   3 4 8 2
                    29   4 7 9 1
                    30   3 6 4 2
                    31   4 5 0 2
                    32   2 7 1 2
                    33   4 4 6 1
                    34   2 4 4 1
                    35   2 6 2 1
                    36   3 4 8 2
                    37   1 1 7 2
                    38   4 2 9 2
                    39   1 1 0 2
                    40   4 2 7 2
                    41   4 5 8 2
                    42   3 1 1 2
                    43   1 2 1 1
                    44   2 3 1 1
                    45   2 2 3 2
                    46   1 1 6 1
                    47   2 7 0 2
                    48   2 2 4 2
                    49   2 5 10 1
                    50   3 1 3 2
                    51   1 1 1 1
                    52   3 3 4 1
                    53   2 6 3 1
                    54   4 6 9 1
                    55   3 5 7 1
                    56   1 6 4 1
                    57   3 8 0 2
                    58   1 7 10 2
                    59   3 3 0 1
                    60   4 5 9 1
                    61   1 7 9 1
                    62   1 1 4 1
                    63   4 7 2 1
                    64   1 4 5 2
                    65   3 2 8 2
                    66   3 6 5 2
                    67   1 7 6 2
                    68   3 2 8 2
                    69   4 7 1 1
                    70   4 1 8 2
                    71   2 2 2 2
                    72   3 7 6 1
                    73   4 5 5 1
                    74   1 5 1 2
                    75   2 6 2 2
                    76   2 1 4 1
                    77   4 7 5 2
                    78   3 8 0 1
                    79   4 4 4 1
                    80   1 5 4 2;
param nombreMachine := 5;
param capaciteRessource : 1 2 3 4 :=
                    1     6 12 17 8
                    2     6 14 18 5
                    3     6 16 18 8
                    4     6 14 13 8
                    5     6 10 12 7
end;

