data;
param nombreTypeRessource := 4;
param nombreJob := 80;
param job duree := 1 9 2 8 3 6 4 10 5 10 6 8 7 6 8 9 9 5 10 1 11 4 12 8 13 6 14 5 15 5 16 8 17 9 18 8 19 7 20 9 21 5 22 9 23 6 24 1 25 5 26 2 27 8 28 7 29 9 30 9 31 2 32 3 33 3 34 9 35 7 36 4 37 10 38 9 39 9 40 4 41 10 42 8 43 5 44 1 45 10 46 8 47 10 48 1 49 7 50 4 51 9 52 6 53 8 54 1 55 7 56 3 57 6 58 8 59 10 60 1 61 3 62 10 63 9 64 10 65 2 66 7 67 3 68 9 69 6 70 8 71 1 72 4 73 7 74 5 75 8 76 1 77 6 78 8 79 1 80 8;
param besoinRessource : 1 2 3 4 :=
                    1   3 6 1 1
                    2   4 6 9 2
                    3   1 1 0 2
                    4   3 7 3 1
                    5   1 5 7 1
                    6   2 8 4 2
                    7   1 1 8 2
                    8   3 3 6 1
                    9   3 6 3 2
                    10   1 3 7 1
                    11   1 3 7 1
                    12   2 6 9 1
                    13   4 5 2 1
                    14   4 4 6 2
                    15   3 6 8 1
                    16   4 4 0 1
                    17   3 4 3 2
                    18   2 4 0 1
                    19   2 4 8 2
                    20   3 8 3 2
                    21   1 3 8 1
                    22   4 4 4 2
                    23   4 4 6 1
                    24   3 1 8 2
                    25   4 4 6 1
                    26   4 2 3 1
                    27   3 2 1 1
                    28   4 3 7 2
                    29   4 1 10 1
                    30   4 5 6 2
                    31   3 5 4 2
                    32   3 7 4 2
                    33   4 5 9 1
                    34   2 2 4 1
                    35   1 8 7 1
                    36   4 4 9 2
                    37   1 7 6 1
                    38   2 3 0 2
                    39   1 4 8 2
                    40   2 6 3 1
                    41   2 5 2 2
                    42   2 6 5 1
                    43   4 2 2 1
                    44   4 1 6 2
                    45   3 6 6 2
                    46   4 2 3 1
                    47   3 7 7 2
                    48   4 2 6 1
                    49   2 1 6 1
                    50   2 4 3 1
                    51   4 6 0 1
                    52   2 7 3 1
                    53   3 7 6 2
                    54   3 5 8 1
                    55   1 6 7 1
                    56   4 6 3 2
                    57   2 5 8 2
                    58   4 8 9 1
                    59   4 1 8 2
                    60   3 3 6 2
                    61   1 1 10 1
                    62   1 8 3 1
                    63   4 6 5 2
                    64   3 5 8 2
                    65   3 5 5 2
                    66   2 5 3 2
                    67   1 7 6 1
                    68   2 5 3 2
                    69   3 4 5 1
                    70   1 6 9 2
                    71   4 2 3 1
                    72   3 2 10 2
                    73   4 3 1 1
                    74   4 7 2 2
                    75   4 1 1 1
                    76   1 4 9 2
                    77   1 3 4 2
                    78   2 5 9 2
                    79   3 8 8 1
                    80   1 7 2 1;
param nombreMachine := 5;
param capaciteRessource : 1 2 3 4 :=
                    1     7 11 17 7
                    2     8 13 12 6
                    3     7 16 14 6
                    4     8 11 15 8
                    5     6 16 13 5
end;

