data;
param nombreTypeRessource := 4;
param nombreJob := 80;
param job duree := 1 8 2 3 3 1 4 8 5 10 6 8 7 8 8 8 9 7 10 5 11 6 12 9 13 10 14 7 15 1 16 7 17 7 18 2 19 5 20 6 21 8 22 7 23 9 24 7 25 1 26 10 27 3 28 7 29 9 30 10 31 2 32 9 33 4 34 4 35 5 36 5 37 8 38 1 39 7 40 10 41 5 42 8 43 1 44 6 45 4 46 6 47 8 48 5 49 5 50 9 51 9 52 5 53 10 54 2 55 6 56 1 57 7 58 10 59 3 60 6 61 8 62 7 63 5 64 10 65 3 66 2 67 5 68 8 69 8 70 4 71 9 72 4 73 5 74 8 75 5 76 1 77 8 78 5 79 5 80 1;
param besoinRessource : 1 2 3 4 :=
                    1   3 1 5 1
                    2   1 2 2 1
                    3   2 4 1 2
                    4   3 8 7 1
                    5   4 5 5 1
                    6   3 5 3 1
                    7   3 2 2 2
                    8   3 6 8 1
                    9   4 5 10 1
                    10   4 1 5 1
                    11   2 7 4 2
                    12   4 7 8 2
                    13   1 7 9 1
                    14   3 6 3 1
                    15   3 5 3 2
                    16   1 8 6 2
                    17   1 2 5 2
                    18   2 6 0 1
                    19   4 7 8 2
                    20   3 6 1 2
                    21   1 5 9 2
                    22   3 2 2 2
                    23   3 3 5 1
                    24   2 4 3 2
                    25   3 5 2 2
                    26   1 5 4 2
                    27   3 8 3 1
                    28   1 6 6 1
                    29   4 4 0 2
                    30   2 1 2 2
                    31   3 2 8 2
                    32   4 3 8 1
                    33   4 6 1 1
                    34   2 8 6 1
                    35   4 7 6 2
                    36   1 1 5 2
                    37   1 4 3 1
                    38   4 6 5 1
                    39   3 1 5 1
                    40   4 3 0 1
                    41   1 3 10 1
                    42   4 1 0 1
                    43   3 6 9 1
                    44   2 5 0 1
                    45   2 3 4 2
                    46   3 2 10 1
                    47   4 6 8 2
                    48   3 1 4 2
                    49   3 2 2 1
                    50   2 2 1 1
                    51   4 1 1 2
                    52   3 3 0 2
                    53   4 5 9 1
                    54   3 2 7 2
                    55   1 2 6 2
                    56   2 5 7 1
                    57   2 4 5 1
                    58   4 1 3 2
                    59   2 4 1 2
                    60   2 4 4 1
                    61   2 2 1 2
                    62   3 3 10 1
                    63   2 4 0 2
                    64   3 5 9 2
                    65   4 1 9 1
                    66   3 3 1 1
                    67   2 1 0 2
                    68   2 5 5 2
                    69   2 3 10 1
                    70   2 4 5 2
                    71   2 3 10 2
                    72   2 2 6 2
                    73   1 8 8 2
                    74   3 4 8 2
                    75   3 5 8 2
                    76   4 6 8 2
                    77   4 5 10 1
                    78   2 7 5 1
                    79   4 6 8 2
                    80   4 3 2 2;
param nombreMachine := 5;
param capaciteRessource : 1 2 3 4 :=
                    1     6 13 14 7
                    2     7 15 15 5
                    3     8 12 19 4
                    4     6 13 15 5
                    5     7 11 12 8
end;

