data;
param nombreTypeRessource := 4;
param nombreJob := 80;
param job duree := 1 8 2 8 3 7 4 4 5 10 6 3 7 9 8 1 9 10 10 8 11 4 12 4 13 8 14 8 15 3 16 4 17 6 18 5 19 6 20 6 21 5 22 9 23 9 24 10 25 1 26 5 27 1 28 9 29 3 30 4 31 1 32 5 33 3 34 5 35 4 36 10 37 7 38 5 39 4 40 1 41 5 42 2 43 6 44 4 45 5 46 4 47 5 48 2 49 3 50 4 51 8 52 6 53 4 54 3 55 2 56 4 57 10 58 4 59 8 60 5 61 1 62 10 63 4 64 4 65 10 66 2 67 4 68 3 69 5 70 10 71 4 72 2 73 7 74 6 75 4 76 2 77 4 78 5 79 10 80 6;
param besoinRessource : 1 2 3 4 :=
                    1   1 8 4 2
                    2   3 6 3 1
                    3   2 1 2 2
                    4   1 4 3 1
                    5   3 7 5 1
                    6   2 7 9 1
                    7   1 8 3 1
                    8   4 5 7 2
                    9   2 1 4 1
                    10   2 3 4 1
                    11   2 7 6 1
                    12   1 3 8 2
                    13   1 2 2 1
                    14   3 3 0 1
                    15   1 3 2 2
                    16   4 7 3 1
                    17   1 8 9 2
                    18   3 2 3 1
                    19   2 8 4 1
                    20   3 8 10 1
                    21   3 6 2 1
                    22   1 8 9 2
                    23   2 2 4 2
                    24   1 1 9 1
                    25   2 4 8 2
                    26   3 2 0 1
                    27   2 4 6 1
                    28   1 3 9 2
                    29   2 5 9 1
                    30   1 4 10 2
                    31   2 1 4 1
                    32   1 8 2 2
                    33   3 3 10 2
                    34   3 6 8 2
                    35   2 4 8 1
                    36   3 2 8 1
                    37   4 3 10 2
                    38   2 8 3 2
                    39   2 8 9 2
                    40   3 5 8 1
                    41   3 2 5 1
                    42   3 6 8 2
                    43   4 7 6 1
                    44   2 1 1 1
                    45   2 8 9 1
                    46   1 4 3 2
                    47   2 3 9 1
                    48   4 5 7 2
                    49   3 6 0 1
                    50   1 7 7 1
                    51   3 1 1 1
                    52   1 2 10 1
                    53   1 1 9 1
                    54   4 7 4 2
                    55   2 1 10 2
                    56   3 8 1 1
                    57   3 4 10 2
                    58   2 8 5 1
                    59   1 1 4 2
                    60   4 3 2 2
                    61   2 1 0 1
                    62   2 8 3 2
                    63   4 3 6 2
                    64   3 1 9 1
                    65   4 3 8 2
                    66   4 8 5 1
                    67   2 8 7 1
                    68   3 5 5 1
                    69   2 8 8 1
                    70   2 8 6 2
                    71   2 2 6 1
                    72   2 7 1 2
                    73   2 5 5 1
                    74   1 8 1 1
                    75   2 8 2 1
                    76   2 5 3 1
                    77   3 2 5 1
                    78   3 6 1 2
                    79   1 4 5 2
                    80   2 1 1 1;
param nombreMachine := 5;
param capaciteRessource : 1 2 3 4 :=
                    1     6 11 20 8
                    2     6 11 12 8
                    3     6 10 13 7
                    4     7 11 19 8
                    5     8 13 18 8
end;

