data;
param nombreTypeRessource := 4;
param nombreJob := 80;
param job duree := 1 5 2 3 3 2 4 10 5 10 6 4 7 7 8 2 9 9 10 8 11 7 12 2 13 9 14 10 15 7 16 2 17 10 18 6 19 10 20 5 21 10 22 7 23 10 24 1 25 7 26 2 27 9 28 2 29 6 30 4 31 2 32 7 33 5 34 9 35 10 36 10 37 9 38 2 39 1 40 5 41 5 42 10 43 1 44 10 45 6 46 7 47 1 48 1 49 8 50 5 51 1 52 3 53 5 54 3 55 7 56 9 57 4 58 2 59 7 60 4 61 4 62 2 63 2 64 2 65 1 66 9 67 10 68 8 69 9 70 1 71 8 72 6 73 2 74 7 75 4 76 2 77 4 78 4 79 7 80 5;
param besoinRessource : 1 2 3 4 :=
                    1   1 8 10 2
                    2   1 5 7 1
                    3   4 1 7 1
                    4   1 7 5 1
                    5   1 3 7 2
                    6   2 1 3 1
                    7   4 4 7 1
                    8   1 1 3 2
                    9   3 8 3 1
                    10   3 1 5 1
                    11   1 8 10 1
                    12   4 7 10 1
                    13   1 2 4 1
                    14   1 7 7 2
                    15   4 7 4 1
                    16   2 8 8 2
                    17   2 3 7 2
                    18   4 6 0 2
                    19   4 5 4 1
                    20   2 7 10 1
                    21   2 8 7 1
                    22   1 8 10 1
                    23   2 4 7 2
                    24   4 8 6 2
                    25   3 5 3 1
                    26   4 8 8 2
                    27   2 6 10 2
                    28   4 8 9 1
                    29   2 4 4 2
                    30   2 3 3 2
                    31   4 8 5 2
                    32   1 2 1 1
                    33   1 1 1 1
                    34   1 8 10 1
                    35   2 3 10 1
                    36   1 7 1 2
                    37   1 6 6 2
                    38   2 7 1 1
                    39   1 5 8 2
                    40   4 1 10 2
                    41   2 5 8 2
                    42   1 1 9 1
                    43   1 1 8 1
                    44   2 8 0 2
                    45   4 1 2 1
                    46   3 5 3 1
                    47   4 8 3 2
                    48   1 4 7 2
                    49   4 8 10 2
                    50   3 7 10 1
                    51   1 4 7 2
                    52   1 7 3 1
                    53   3 7 10 2
                    54   4 7 0 2
                    55   2 6 6 2
                    56   1 5 9 1
                    57   4 6 10 1
                    58   4 8 8 1
                    59   2 2 9 1
                    60   1 5 2 1
                    61   2 3 2 1
                    62   4 2 5 2
                    63   2 1 9 1
                    64   2 7 8 2
                    65   1 5 4 1
                    66   2 2 5 2
                    67   1 7 3 2
                    68   1 3 0 2
                    69   3 4 5 1
                    70   1 1 1 2
                    71   3 2 5 1
                    72   2 8 0 2
                    73   4 5 4 1
                    74   2 6 0 2
                    75   1 3 2 1
                    76   4 6 4 1
                    77   3 8 5 1
                    78   2 7 4 1
                    79   1 5 0 2
                    80   1 3 1 2;
param nombreMachine := 5;
param capaciteRessource : 1 2 3 4 :=
                    1     7 15 18 5
                    2     7 16 12 6
                    3     8 12 17 5
                    4     8 15 19 4
                    5     7 14 15 4
end;

