data;
param nombreTypeRessource := 4;
param nombreJob := 60;
param job duree := 1 5 2 4 3 9 4 3 5 1 6 8 7 1 8 10 9 3 10 3 11 9 12 6 13 10 14 2 15 8 16 5 17 6 18 7 19 3 20 4 21 4 22 2 23 8 24 5 25 3 26 8 27 8 28 6 29 9 30 8 31 3 32 3 33 10 34 6 35 6 36 8 37 7 38 8 39 1 40 6 41 10 42 5 43 6 44 5 45 9 46 4 47 9 48 7 49 3 50 6 51 1 52 7 53 5 54 8 55 4 56 9 57 6 58 10 59 5 60 3;
param besoinRessource : 1 2 3 4 :=
                    1   1 8 2 1
                    2   4 1 8 2
                    3   3 7 10 2
                    4   1 2 4 2
                    5   4 6 9 2
                    6   1 2 6 1
                    7   2 7 10 2
                    8   1 5 0 1
                    9   2 5 8 1
                    10   1 1 0 1
                    11   3 6 2 1
                    12   4 2 2 2
                    13   2 3 8 2
                    14   3 1 7 2
                    15   4 4 1 2
                    16   3 8 8 2
                    17   1 1 9 1
                    18   1 4 4 2
                    19   2 3 1 1
                    20   1 7 3 1
                    21   2 2 10 1
                    22   1 2 4 2
                    23   3 6 10 2
                    24   1 2 10 1
                    25   1 4 8 2
                    26   4 1 9 1
                    27   3 5 3 1
                    28   1 8 10 1
                    29   3 1 3 1
                    30   4 7 4 2
                    31   3 4 4 2
                    32   1 4 8 2
                    33   4 4 7 2
                    34   3 1 5 2
                    35   2 4 3 1
                    36   4 5 10 2
                    37   4 8 0 2
                    38   3 1 8 2
                    39   1 3 5 2
                    40   4 4 5 2
                    41   4 3 6 2
                    42   2 1 2 1
                    43   4 2 10 2
                    44   3 2 10 2
                    45   2 4 5 1
                    46   3 6 3 1
                    47   3 4 1 2
                    48   1 1 7 2
                    49   3 8 6 2
                    50   1 5 9 1
                    51   1 7 9 2
                    52   1 5 7 2
                    53   3 7 10 2
                    54   1 6 6 2
                    55   4 8 3 1
                    56   1 4 8 2
                    57   1 6 8 2
                    58   4 3 8 2
                    59   4 8 8 1
                    60   1 5 0 2;
param nombreMachine := 5;
param capaciteRessource : 1 2 3 4 :=
                    1     6 12 18 4
                    2     6 16 14 7
                    3     8 10 19 4
                    4     8 16 15 7
                    5     7 10 17 8
end;

