data;
param nombreTypeRessource := 4;
param nombreJob := 60;
param job duree := 1 2 2 6 3 7 4 6 5 7 6 5 7 5 8 6 9 4 10 2 11 9 12 3 13 8 14 4 15 4 16 4 17 10 18 7 19 9 20 5 21 10 22 4 23 8 24 5 25 3 26 5 27 7 28 4 29 3 30 2 31 7 32 7 33 8 34 8 35 8 36 7 37 2 38 8 39 4 40 6 41 5 42 1 43 4 44 1 45 2 46 7 47 5 48 10 49 2 50 6 51 2 52 2 53 2 54 1 55 3 56 6 57 7 58 9 59 10 60 2;
param besoinRessource : 1 2 3 4 :=
                    1   1 2 2 2
                    2   2 7 4 2
                    3   3 6 0 1
                    4   2 2 8 1
                    5   1 3 1 2
                    6   3 7 0 2
                    7   1 5 6 2
                    8   2 2 5 2
                    9   1 6 9 2
                    10   2 2 3 2
                    11   1 1 9 2
                    12   2 7 8 1
                    13   4 6 2 2
                    14   3 8 3 2
                    15   4 1 6 1
                    16   4 1 5 1
                    17   4 5 5 2
                    18   3 4 7 2
                    19   2 7 9 1
                    20   1 6 1 1
                    21   3 3 3 2
                    22   3 7 9 2
                    23   2 6 7 1
                    24   1 4 7 2
                    25   4 2 7 2
                    26   3 7 6 1
                    27   4 4 9 1
                    28   4 4 8 2
                    29   3 4 0 1
                    30   2 5 8 1
                    31   4 2 5 1
                    32   2 4 5 1
                    33   4 5 6 1
                    34   1 7 4 2
                    35   1 5 0 1
                    36   1 7 2 1
                    37   1 6 8 1
                    38   2 2 10 1
                    39   2 8 4 1
                    40   3 1 3 2
                    41   3 4 8 1
                    42   1 6 4 2
                    43   4 4 1 1
                    44   1 8 10 2
                    45   1 1 4 1
                    46   2 4 5 1
                    47   1 1 5 2
                    48   3 3 5 2
                    49   3 2 0 1
                    50   1 3 6 1
                    51   1 1 3 1
                    52   3 1 5 1
                    53   3 1 0 2
                    54   1 1 9 1
                    55   3 3 5 1
                    56   2 5 4 2
                    57   3 1 3 1
                    58   1 7 2 1
                    59   2 8 4 1
                    60   1 3 8 2;
param nombreMachine := 5;
param capaciteRessource : 1 2 3 4 :=
                    1     8 16 14 8
                    2     6 14 18 4
                    3     8 16 17 7
                    4     6 12 17 5
                    5     8 15 16 8
end;

