data;
param nombreTypeRessource := 4;
param nombreJob := 60;
param job duree := 1 5 2 10 3 8 4 7 5 9 6 4 7 6 8 9 9 3 10 1 11 9 12 6 13 8 14 6 15 1 16 4 17 4 18 4 19 3 20 7 21 8 22 9 23 1 24 5 25 5 26 9 27 6 28 9 29 6 30 6 31 6 32 10 33 2 34 4 35 4 36 8 37 4 38 8 39 5 40 6 41 4 42 10 43 2 44 1 45 3 46 8 47 9 48 4 49 4 50 10 51 8 52 9 53 3 54 6 55 1 56 3 57 1 58 3 59 3 60 1;
param besoinRessource : 1 2 3 4 :=
                    1   2 8 8 2
                    2   1 5 1 2
                    3   1 3 0 1
                    4   1 2 1 1
                    5   4 4 9 2
                    6   2 8 7 2
                    7   2 3 9 2
                    8   3 5 1 2
                    9   4 2 6 2
                    10   1 4 10 1
                    11   2 5 7 2
                    12   3 3 2 2
                    13   3 6 10 1
                    14   4 7 10 2
                    15   3 5 9 2
                    16   3 2 7 1
                    17   3 7 8 2
                    18   1 2 5 1
                    19   4 3 1 2
                    20   4 7 9 2
                    21   3 5 6 1
                    22   3 7 1 1
                    23   4 4 5 1
                    24   3 5 0 1
                    25   4 2 8 1
                    26   3 7 0 1
                    27   1 4 10 1
                    28   4 5 0 2
                    29   3 1 6 2
                    30   2 5 9 1
                    31   2 2 3 1
                    32   4 8 9 2
                    33   3 4 6 1
                    34   4 5 10 1
                    35   3 7 2 2
                    36   1 2 5 2
                    37   3 7 5 2
                    38   3 6 7 2
                    39   2 3 1 2
                    40   3 7 10 2
                    41   4 2 6 1
                    42   3 8 5 2
                    43   3 1 3 1
                    44   1 5 3 2
                    45   2 5 9 1
                    46   3 4 5 2
                    47   2 3 5 1
                    48   4 8 2 1
                    49   2 3 8 2
                    50   4 4 3 1
                    51   4 2 4 1
                    52   2 1 3 1
                    53   2 2 3 2
                    54   3 1 1 2
                    55   3 6 1 2
                    56   1 7 2 2
                    57   4 2 4 1
                    58   4 2 0 2
                    59   1 1 10 2
                    60   1 6 8 2;
param nombreMachine := 5;
param capaciteRessource : 1 2 3 4 :=
                    1     8 11 16 4
                    2     6 11 18 6
                    3     8 12 17 5
                    4     7 16 17 6
                    5     8 14 18 7
end;

