data;
param nombreTypeRessource := 4;
param nombreJob := 60;
param job duree := 1 2 2 5 3 9 4 2 5 4 6 5 7 6 8 7 9 1 10 9 11 5 12 6 13 10 14 2 15 9 16 6 17 9 18 3 19 2 20 2 21 10 22 3 23 6 24 2 25 3 26 1 27 2 28 7 29 5 30 8 31 7 32 2 33 10 34 7 35 1 36 5 37 9 38 10 39 4 40 4 41 2 42 8 43 9 44 5 45 1 46 6 47 10 48 3 49 6 50 2 51 8 52 8 53 8 54 2 55 9 56 2 57 8 58 1 59 2 60 6;
param besoinRessource : 1 2 3 4 :=
                    1   3 8 10 2
                    2   1 6 0 1
                    3   4 6 9 1
                    4   4 5 3 1
                    5   3 3 10 2
                    6   1 2 3 1
                    7   1 6 10 1
                    8   2 3 9 2
                    9   1 4 9 2
                    10   2 2 4 2
                    11   4 7 2 1
                    12   2 7 4 2
                    13   4 7 10 2
                    14   4 5 8 1
                    15   3 4 2 2
                    16   3 8 1 2
                    17   3 2 8 2
                    18   2 1 2 2
                    19   1 7 7 1
                    20   2 8 9 1
                    21   1 3 9 1
                    22   2 5 8 1
                    23   1 6 8 1
                    24   1 8 10 2
                    25   4 7 5 2
                    26   1 6 2 2
                    27   4 4 0 1
                    28   2 6 10 2
                    29   3 7 5 1
                    30   2 8 5 2
                    31   2 3 1 2
                    32   1 5 4 1
                    33   3 7 6 1
                    34   4 3 7 1
                    35   1 2 1 1
                    36   4 7 10 1
                    37   2 4 5 1
                    38   4 8 0 1
                    39   3 5 9 2
                    40   2 7 3 2
                    41   3 7 10 2
                    42   4 3 4 2
                    43   3 2 3 2
                    44   4 5 9 2
                    45   3 1 9 1
                    46   2 7 6 2
                    47   2 5 6 2
                    48   4 6 4 2
                    49   2 3 9 1
                    50   4 2 7 1
                    51   2 7 3 1
                    52   3 5 2 1
                    53   4 2 8 1
                    54   4 4 5 2
                    55   4 4 0 1
                    56   2 7 1 1
                    57   3 6 10 2
                    58   1 8 10 1
                    59   2 8 9 2
                    60   2 3 6 1;
param nombreMachine := 5;
param capaciteRessource : 1 2 3 4 :=
                    1     8 15 15 5
                    2     8 15 15 5
                    3     7 16 17 4
                    4     8 15 14 4
                    5     7 13 15 7
end;

