data;
param nombreTypeRessource := 4;
param nombreJob := 60;
param job duree := 1 4 2 5 3 10 4 3 5 3 6 3 7 4 8 9 9 3 10 4 11 10 12 3 13 4 14 6 15 9 16 5 17 2 18 8 19 2 20 2 21 4 22 7 23 3 24 5 25 3 26 9 27 3 28 8 29 6 30 8 31 2 32 10 33 5 34 1 35 2 36 8 37 7 38 3 39 6 40 3 41 10 42 2 43 3 44 1 45 4 46 6 47 2 48 9 49 3 50 5 51 4 52 7 53 9 54 3 55 7 56 1 57 3 58 3 59 8 60 10;
param besoinRessource : 1 2 3 4 :=
                    1   2 5 3 1
                    2   4 8 0 1
                    3   3 6 8 2
                    4   1 5 0 1
                    5   2 5 5 2
                    6   1 5 5 1
                    7   4 1 2 2
                    8   3 2 8 2
                    9   3 2 8 2
                    10   1 6 3 1
                    11   1 2 0 2
                    12   2 6 4 1
                    13   2 7 6 1
                    14   3 1 2 1
                    15   2 2 4 2
                    16   4 4 6 1
                    17   4 2 5 2
                    18   4 5 7 2
                    19   2 2 8 2
                    20   3 7 4 1
                    21   3 7 5 2
                    22   2 7 8 2
                    23   3 7 0 1
                    24   1 2 2 2
                    25   1 5 10 1
                    26   2 2 1 2
                    27   2 5 9 2
                    28   4 7 5 1
                    29   4 8 5 1
                    30   2 3 8 1
                    31   4 6 5 1
                    32   3 8 2 1
                    33   1 3 2 1
                    34   3 5 1 2
                    35   2 7 3 2
                    36   4 3 1 1
                    37   4 6 2 2
                    38   4 1 0 2
                    39   4 4 8 1
                    40   1 5 2 1
                    41   1 2 4 2
                    42   2 3 0 2
                    43   1 5 7 1
                    44   2 6 8 1
                    45   2 2 3 1
                    46   2 2 6 2
                    47   2 8 8 2
                    48   4 2 9 2
                    49   2 3 3 2
                    50   4 1 6 1
                    51   4 1 3 1
                    52   1 3 9 1
                    53   2 5 4 1
                    54   4 4 3 2
                    55   3 4 3 1
                    56   2 4 10 2
                    57   1 7 6 2
                    58   2 7 0 1
                    59   2 5 10 2
                    60   2 5 0 1;
param nombreMachine := 5;
param capaciteRessource : 1 2 3 4 :=
                    1     8 16 12 4
                    2     6 10 18 7
                    3     8 10 13 8
                    4     6 16 18 4
                    5     6 11 16 4
end;

