data;
param nombreTypeRessource := 4;
param nombreJob := 60;
param job duree := 1 7 2 10 3 4 4 9 5 5 6 10 7 3 8 5 9 8 10 1 11 3 12 2 13 3 14 4 15 5 16 9 17 1 18 8 19 1 20 9 21 3 22 9 23 5 24 3 25 10 26 1 27 4 28 10 29 7 30 6 31 1 32 6 33 2 34 4 35 4 36 10 37 9 38 6 39 2 40 2 41 4 42 1 43 3 44 1 45 7 46 7 47 6 48 1 49 1 50 2 51 10 52 6 53 1 54 10 55 1 56 8 57 10 58 7 59 5 60 5;
param besoinRessource : 1 2 3 4 :=
                    1   1 3 6 2
                    2   3 7 6 1
                    3   2 3 9 2
                    4   2 2 0 2
                    5   4 8 10 1
                    6   3 5 8 1
                    7   3 5 8 1
                    8   3 6 10 1
                    9   2 2 4 1
                    10   1 1 1 1
                    11   3 4 7 2
                    12   2 6 2 2
                    13   2 1 8 2
                    14   1 3 10 1
                    15   3 3 3 1
                    16   2 2 5 1
                    17   3 5 5 1
                    18   3 2 6 2
                    19   1 4 2 1
                    20   4 7 1 2
                    21   4 8 5 1
                    22   2 3 2 2
                    23   1 1 10 2
                    24   3 6 4 2
                    25   2 8 9 2
                    26   2 4 10 2
                    27   3 4 1 2
                    28   2 7 5 1
                    29   1 3 8 1
                    30   1 1 10 2
                    31   3 6 0 1
                    32   2 4 7 2
                    33   2 5 2 2
                    34   3 6 4 1
                    35   2 1 3 2
                    36   2 7 5 2
                    37   1 8 1 2
                    38   1 4 6 1
                    39   3 4 6 1
                    40   3 3 4 1
                    41   2 7 8 2
                    42   1 3 4 1
                    43   4 6 1 1
                    44   4 7 10 2
                    45   1 3 7 2
                    46   2 5 10 1
                    47   3 5 3 1
                    48   1 3 8 1
                    49   1 6 5 1
                    50   1 1 4 2
                    51   4 7 2 2
                    52   3 2 5 2
                    53   4 6 9 1
                    54   4 6 1 1
                    55   3 6 3 2
                    56   4 6 1 2
                    57   3 7 8 2
                    58   1 2 2 2
                    59   3 3 0 1
                    60   3 7 9 1;
param nombreMachine := 5;
param capaciteRessource : 1 2 3 4 :=
                    1     6 12 15 4
                    2     8 12 14 8
                    3     8 16 15 5
                    4     8 16 12 4
                    5     6 15 19 4
end;

