data;
param nombreTypeRessource := 4;
param nombreJob := 60;
param job duree := 1 2 2 3 3 2 4 4 5 4 6 3 7 6 8 8 9 7 10 6 11 9 12 4 13 6 14 3 15 4 16 8 17 5 18 7 19 3 20 6 21 8 22 5 23 4 24 9 25 4 26 10 27 8 28 1 29 10 30 1 31 4 32 9 33 6 34 9 35 1 36 7 37 6 38 4 39 4 40 8 41 6 42 6 43 9 44 2 45 7 46 3 47 3 48 6 49 8 50 8 51 3 52 4 53 5 54 9 55 7 56 5 57 6 58 4 59 9 60 2;
param besoinRessource : 1 2 3 4 :=
                    1   2 2 4 1
                    2   1 1 7 1
                    3   4 4 0 2
                    4   2 3 7 2
                    5   2 3 8 1
                    6   1 2 7 1
                    7   1 1 2 2
                    8   2 6 0 2
                    9   1 3 4 2
                    10   2 1 2 2
                    11   3 5 7 2
                    12   2 5 7 1
                    13   4 5 8 2
                    14   4 2 1 1
                    15   2 7 9 2
                    16   3 8 1 1
                    17   4 4 1 1
                    18   1 7 9 2
                    19   1 3 2 1
                    20   3 2 7 1
                    21   3 6 6 2
                    22   3 3 7 1
                    23   3 3 7 1
                    24   1 8 10 1
                    25   2 6 2 1
                    26   2 8 0 2
                    27   1 4 2 1
                    28   3 4 10 1
                    29   1 2 2 2
                    30   4 2 8 1
                    31   4 2 0 2
                    32   2 7 2 1
                    33   1 1 6 1
                    34   2 2 1 1
                    35   2 6 3 1
                    36   2 5 2 1
                    37   4 6 10 1
                    38   3 7 0 2
                    39   1 1 8 1
                    40   1 8 7 1
                    41   3 1 6 2
                    42   4 3 9 2
                    43   4 1 6 1
                    44   4 3 5 1
                    45   1 3 6 1
                    46   1 5 4 2
                    47   2 8 10 1
                    48   4 4 8 2
                    49   1 7 8 2
                    50   3 5 8 1
                    51   2 5 10 2
                    52   1 4 0 1
                    53   2 6 9 2
                    54   3 6 1 1
                    55   1 4 9 1
                    56   2 4 3 2
                    57   4 6 7 1
                    58   3 3 10 1
                    59   4 4 8 1
                    60   2 5 1 2;
param nombreMachine := 5;
param capaciteRessource : 1 2 3 4 :=
                    1     8 12 17 8
                    2     7 15 17 7
                    3     6 11 18 4
                    4     6 11 19 4
                    5     8 13 20 8
end;

