data;
param nombreTypeRessource := 4;
param nombreJob := 60;
param job duree := 1 4 2 1 3 5 4 4 5 8 6 3 7 9 8 1 9 4 10 5 11 6 12 10 13 9 14 9 15 9 16 7 17 8 18 7 19 6 20 7 21 10 22 6 23 5 24 1 25 4 26 10 27 3 28 9 29 2 30 9 31 4 32 10 33 5 34 6 35 2 36 3 37 1 38 1 39 1 40 3 41 5 42 4 43 10 44 10 45 2 46 2 47 7 48 4 49 3 50 2 51 9 52 4 53 4 54 8 55 9 56 4 57 10 58 4 59 1 60 5;
param besoinRessource : 1 2 3 4 :=
                    1   3 6 5 1
                    2   2 7 2 1
                    3   1 2 8 1
                    4   2 3 0 2
                    5   3 1 3 2
                    6   3 5 2 2
                    7   1 1 6 2
                    8   1 8 9 1
                    9   1 8 5 2
                    10   2 2 7 1
                    11   3 5 1 1
                    12   3 3 3 2
                    13   4 5 4 1
                    14   4 7 4 1
                    15   3 6 0 2
                    16   2 8 10 1
                    17   1 1 0 2
                    18   2 8 0 1
                    19   2 7 0 1
                    20   1 7 10 1
                    21   1 1 1 1
                    22   3 6 7 1
                    23   4 4 6 1
                    24   1 6 4 2
                    25   1 7 3 2
                    26   2 5 6 1
                    27   1 6 1 1
                    28   2 5 0 1
                    29   3 2 8 2
                    30   2 2 1 1
                    31   1 8 6 2
                    32   3 6 5 2
                    33   4 3 4 2
                    34   1 5 10 2
                    35   4 5 4 1
                    36   2 8 5 1
                    37   2 5 9 2
                    38   1 8 2 1
                    39   3 8 7 1
                    40   4 2 5 2
                    41   3 7 3 1
                    42   1 6 1 1
                    43   2 6 9 1
                    44   3 1 4 2
                    45   4 1 2 2
                    46   3 5 2 2
                    47   4 5 10 2
                    48   3 5 9 1
                    49   3 8 0 1
                    50   2 2 1 2
                    51   1 5 9 2
                    52   1 1 9 1
                    53   1 4 5 1
                    54   4 5 4 2
                    55   2 7 6 2
                    56   3 3 1 1
                    57   1 4 7 2
                    58   2 1 5 1
                    59   4 1 1 1
                    60   1 1 3 1;
param nombreMachine := 5;
param capaciteRessource : 1 2 3 4 :=
                    1     6 16 20 6
                    2     7 15 16 6
                    3     6 11 13 6
                    4     7 14 15 5
                    5     6 15 17 6
end;

