data;
param nombreTypeRessource := 4;
param nombreJob := 60;
param job duree := 1 1 2 8 3 6 4 7 5 10 6 9 7 4 8 4 9 8 10 6 11 4 12 3 13 7 14 8 15 1 16 4 17 7 18 9 19 8 20 1 21 4 22 8 23 5 24 5 25 2 26 3 27 7 28 1 29 5 30 5 31 1 32 4 33 8 34 4 35 7 36 1 37 4 38 5 39 10 40 10 41 9 42 1 43 8 44 5 45 2 46 2 47 4 48 6 49 3 50 5 51 8 52 8 53 7 54 3 55 2 56 1 57 5 58 2 59 2 60 9;
param besoinRessource : 1 2 3 4 :=
                    1   1 4 7 1
                    2   3 1 4 2
                    3   2 8 8 1
                    4   4 8 8 2
                    5   2 2 4 2
                    6   4 2 6 2
                    7   4 1 5 1
                    8   3 8 2 1
                    9   1 5 1 2
                    10   1 7 8 1
                    11   1 4 5 1
                    12   2 2 8 2
                    13   4 2 4 1
                    14   3 5 10 2
                    15   4 8 8 1
                    16   2 8 7 2
                    17   2 1 10 1
                    18   1 7 7 1
                    19   4 5 2 2
                    20   4 6 6 2
                    21   4 4 8 1
                    22   2 5 7 1
                    23   3 7 3 2
                    24   1 2 5 1
                    25   1 4 2 2
                    26   4 1 4 2
                    27   4 8 10 1
                    28   1 7 5 1
                    29   4 6 6 1
                    30   2 8 2 1
                    31   1 8 8 1
                    32   4 2 7 2
                    33   2 7 2 2
                    34   4 1 0 1
                    35   4 3 8 1
                    36   4 6 3 2
                    37   3 3 1 1
                    38   1 2 6 1
                    39   3 6 4 2
                    40   4 8 4 2
                    41   1 6 2 1
                    42   3 4 10 2
                    43   4 4 2 2
                    44   3 7 4 2
                    45   4 4 2 1
                    46   2 1 4 2
                    47   1 5 0 2
                    48   4 1 0 2
                    49   1 5 5 1
                    50   1 5 3 1
                    51   2 7 0 2
                    52   1 2 1 2
                    53   1 6 10 1
                    54   4 1 4 2
                    55   3 7 0 2
                    56   2 3 2 1
                    57   4 8 10 1
                    58   3 6 10 1
                    59   3 4 10 2
                    60   1 4 4 2;
param nombreMachine := 5;
param capaciteRessource : 1 2 3 4 :=
                    1     6 14 14 6
                    2     8 15 14 6
                    3     7 14 12 4
                    4     6 16 20 6
                    5     7 13 14 5
end;

