data;
param nombreTypeRessource := 4;
param nombreJob := 60;
param job duree := 1 2 2 8 3 5 4 9 5 3 6 6 7 8 8 9 9 10 10 2 11 3 12 5 13 1 14 4 15 8 16 10 17 7 18 3 19 2 20 5 21 4 22 2 23 8 24 10 25 6 26 3 27 8 28 7 29 8 30 6 31 1 32 9 33 1 34 8 35 2 36 3 37 6 38 8 39 7 40 5 41 9 42 4 43 8 44 9 45 1 46 10 47 6 48 5 49 9 50 5 51 7 52 4 53 4 54 9 55 10 56 1 57 9 58 1 59 10 60 6;
param besoinRessource : 1 2 3 4 :=
                    1   3 1 10 1
                    2   2 7 8 1
                    3   1 7 3 1
                    4   2 3 10 1
                    5   2 4 10 1
                    6   2 1 8 2
                    7   2 7 5 2
                    8   1 8 3 2
                    9   4 5 8 1
                    10   2 3 10 2
                    11   4 5 2 2
                    12   2 7 6 1
                    13   3 2 4 2
                    14   1 8 0 1
                    15   4 1 10 2
                    16   4 4 7 1
                    17   2 2 3 2
                    18   1 6 2 2
                    19   3 6 3 1
                    20   4 3 4 2
                    21   2 7 4 1
                    22   1 7 9 1
                    23   1 4 8 1
                    24   4 1 0 1
                    25   4 2 9 2
                    26   4 8 5 2
                    27   2 4 7 2
                    28   2 3 2 1
                    29   4 5 0 2
                    30   3 4 10 2
                    31   1 8 7 1
                    32   1 2 0 2
                    33   1 8 10 1
                    34   2 6 8 2
                    35   1 8 5 1
                    36   4 8 7 1
                    37   2 3 2 2
                    38   4 2 5 2
                    39   2 3 7 2
                    40   3 3 10 2
                    41   4 7 4 1
                    42   3 8 0 2
                    43   4 7 7 1
                    44   1 7 3 2
                    45   3 3 0 2
                    46   3 1 7 1
                    47   3 4 2 1
                    48   2 8 2 1
                    49   1 1 4 2
                    50   3 3 5 2
                    51   4 3 4 2
                    52   2 5 5 1
                    53   3 6 1 2
                    54   1 3 7 1
                    55   1 2 4 2
                    56   4 7 4 1
                    57   2 7 5 2
                    58   4 5 2 1
                    59   4 8 0 2
                    60   2 5 8 2;
param nombreMachine := 5;
param capaciteRessource : 1 2 3 4 :=
                    1     6 14 14 6
                    2     7 10 19 7
                    3     8 11 14 5
                    4     6 13 20 5
                    5     8 12 18 4
end;

