data;
param nombreTypeRessource := 4;
param nombreJob := 60;
param job duree := 1 2 2 9 3 9 4 5 5 1 6 6 7 3 8 9 9 2 10 5 11 9 12 8 13 10 14 10 15 3 16 5 17 5 18 8 19 3 20 9 21 9 22 1 23 2 24 5 25 1 26 8 27 7 28 4 29 8 30 10 31 1 32 5 33 7 34 1 35 10 36 3 37 4 38 8 39 4 40 2 41 10 42 3 43 10 44 1 45 5 46 10 47 6 48 6 49 5 50 5 51 3 52 1 53 6 54 5 55 2 56 10 57 8 58 9 59 4 60 6;
param besoinRessource : 1 2 3 4 :=
                    1   1 4 1 1
                    2   2 1 6 2
                    3   2 8 9 1
                    4   3 6 3 1
                    5   2 6 6 1
                    6   3 4 0 2
                    7   1 1 9 1
                    8   3 2 1 2
                    9   3 6 9 2
                    10   1 4 4 1
                    11   3 4 9 1
                    12   2 7 10 1
                    13   3 2 2 1
                    14   2 6 9 1
                    15   4 6 10 1
                    16   4 4 6 1
                    17   1 5 3 2
                    18   2 2 3 1
                    19   3 6 4 1
                    20   4 5 0 1
                    21   3 3 5 1
                    22   3 5 3 2
                    23   2 4 6 1
                    24   1 4 9 2
                    25   3 2 10 1
                    26   2 2 4 1
                    27   4 1 7 1
                    28   3 1 2 1
                    29   1 1 8 2
                    30   2 8 0 1
                    31   2 7 1 2
                    32   3 5 2 1
                    33   3 2 2 2
                    34   2 2 5 2
                    35   1 3 5 2
                    36   2 6 3 2
                    37   2 1 0 2
                    38   3 8 8 1
                    39   4 4 6 2
                    40   3 2 10 2
                    41   4 4 7 1
                    42   3 1 5 1
                    43   2 8 9 2
                    44   1 7 7 1
                    45   3 4 7 1
                    46   3 6 3 1
                    47   2 4 8 2
                    48   1 1 3 2
                    49   1 8 0 1
                    50   4 5 1 1
                    51   2 4 3 1
                    52   1 5 6 2
                    53   3 3 5 1
                    54   2 8 9 1
                    55   2 2 2 2
                    56   2 3 6 1
                    57   2 7 5 2
                    58   4 7 6 2
                    59   1 1 6 1
                    60   3 8 1 1;
param nombreMachine := 5;
param capaciteRessource : 1 2 3 4 :=
                    1     6 14 17 7
                    2     7 10 14 6
                    3     8 11 19 7
                    4     7 12 20 6
                    5     7 14 14 6
end;

