data;
param nombreTypeRessource := 4;
param nombreJob := 60;
param job duree := 1 4 2 6 3 3 4 4 5 7 6 3 7 1 8 8 9 2 10 4 11 8 12 8 13 10 14 2 15 2 16 5 17 5 18 6 19 8 20 6 21 9 22 6 23 3 24 2 25 8 26 3 27 7 28 8 29 5 30 5 31 9 32 2 33 9 34 6 35 7 36 3 37 4 38 4 39 7 40 9 41 7 42 5 43 6 44 5 45 3 46 2 47 7 48 6 49 10 50 8 51 6 52 3 53 3 54 2 55 10 56 7 57 3 58 6 59 8 60 6;
param besoinRessource : 1 2 3 4 :=
                    1   4 1 6 2
                    2   2 4 5 1
                    3   2 8 0 1
                    4   3 2 4 2
                    5   2 3 3 1
                    6   3 3 3 1
                    7   4 6 10 1
                    8   1 1 2 1
                    9   3 3 0 2
                    10   4 2 6 1
                    11   1 6 2 1
                    12   2 3 1 2
                    13   3 4 3 2
                    14   4 6 1 1
                    15   2 5 5 2
                    16   1 4 8 2
                    17   1 5 8 1
                    18   1 7 6 2
                    19   3 3 10 2
                    20   2 7 1 1
                    21   4 1 6 2
                    22   4 8 7 1
                    23   3 3 3 1
                    24   3 3 10 1
                    25   1 1 3 2
                    26   4 1 0 2
                    27   2 1 3 2
                    28   4 6 6 1
                    29   3 8 8 2
                    30   2 8 8 1
                    31   4 8 8 1
                    32   3 3 7 2
                    33   2 1 5 2
                    34   4 6 8 1
                    35   3 8 6 1
                    36   4 5 3 1
                    37   3 1 6 1
                    38   2 5 4 2
                    39   2 2 3 2
                    40   3 8 0 1
                    41   3 3 2 1
                    42   3 3 8 2
                    43   2 5 5 1
                    44   3 8 7 2
                    45   2 3 3 2
                    46   3 4 1 2
                    47   1 3 7 2
                    48   3 3 2 2
                    49   4 2 0 1
                    50   2 4 6 2
                    51   3 1 1 2
                    52   4 7 3 2
                    53   2 6 3 1
                    54   2 8 9 1
                    55   1 1 7 2
                    56   1 2 5 2
                    57   4 3 2 2
                    58   1 7 7 2
                    59   3 1 4 1
                    60   1 5 0 1;
param nombreMachine := 5;
param capaciteRessource : 1 2 3 4 :=
                    1     8 14 15 5
                    2     8 12 15 4
                    3     7 12 16 6
                    4     6 10 13 5
                    5     6 10 14 6
end;

