data;
param nombreTypeRessource := 4;
param nombreJob := 60;
param job duree := 1 10 2 3 3 5 4 3 5 8 6 6 7 6 8 4 9 2 10 4 11 2 12 10 13 10 14 4 15 4 16 1 17 9 18 7 19 9 20 8 21 5 22 9 23 10 24 10 25 10 26 9 27 10 28 10 29 3 30 8 31 10 32 3 33 8 34 2 35 9 36 5 37 8 38 3 39 1 40 3 41 9 42 6 43 5 44 8 45 3 46 9 47 5 48 8 49 6 50 6 51 9 52 5 53 4 54 9 55 7 56 10 57 2 58 6 59 9 60 10;
param besoinRessource : 1 2 3 4 :=
                    1   3 1 2 1
                    2   3 6 2 2
                    3   1 4 9 2
                    4   2 8 7 2
                    5   2 6 9 2
                    6   4 8 4 1
                    7   1 4 7 1
                    8   1 4 9 2
                    9   2 8 5 1
                    10   2 5 0 2
                    11   3 6 8 1
                    12   2 2 0 1
                    13   2 6 3 2
                    14   1 5 6 1
                    15   2 1 1 2
                    16   3 5 10 2
                    17   4 6 5 1
                    18   4 8 0 1
                    19   4 1 0 1
                    20   1 6 8 2
                    21   3 8 0 1
                    22   2 1 8 1
                    23   1 1 10 2
                    24   4 5 1 1
                    25   4 6 6 2
                    26   3 1 5 2
                    27   3 2 6 2
                    28   4 6 8 2
                    29   3 8 1 1
                    30   1 2 0 1
                    31   1 3 0 2
                    32   2 4 7 1
                    33   4 6 9 2
                    34   3 2 2 1
                    35   1 7 6 1
                    36   1 8 1 1
                    37   1 7 5 1
                    38   4 5 9 1
                    39   3 7 0 1
                    40   1 7 7 1
                    41   2 3 5 1
                    42   2 5 0 2
                    43   3 8 2 2
                    44   2 5 7 1
                    45   3 5 7 1
                    46   3 8 8 1
                    47   1 7 4 2
                    48   3 4 9 1
                    49   2 1 5 1
                    50   3 7 5 2
                    51   4 4 6 1
                    52   2 4 4 1
                    53   4 3 2 2
                    54   3 6 2 1
                    55   2 2 6 1
                    56   1 3 10 1
                    57   1 7 6 1
                    58   4 2 9 1
                    59   3 6 6 1
                    60   4 4 4 1;
param nombreMachine := 5;
param capaciteRessource : 1 2 3 4 :=
                    1     7 14 13 8
                    2     7 13 18 6
                    3     8 12 12 5
                    4     6 12 17 4
                    5     8 14 19 4
end;

