data;
param nombreTypeRessource := 4;
param nombreJob := 60;
param job duree := 1 2 2 3 3 6 4 10 5 10 6 10 7 5 8 5 9 4 10 6 11 3 12 4 13 8 14 7 15 4 16 1 17 3 18 4 19 10 20 2 21 1 22 7 23 9 24 3 25 8 26 2 27 9 28 2 29 8 30 8 31 5 32 7 33 2 34 5 35 4 36 6 37 6 38 8 39 7 40 8 41 2 42 4 43 6 44 7 45 3 46 9 47 3 48 3 49 8 50 6 51 3 52 3 53 7 54 10 55 3 56 3 57 4 58 8 59 2 60 6;
param besoinRessource : 1 2 3 4 :=
                    1   3 4 5 2
                    2   2 7 7 2
                    3   3 6 2 1
                    4   4 8 5 1
                    5   3 4 4 1
                    6   2 5 1 2
                    7   3 4 3 2
                    8   3 1 2 1
                    9   1 6 9 1
                    10   4 6 4 2
                    11   3 5 5 2
                    12   1 5 3 2
                    13   3 2 10 2
                    14   1 4 5 2
                    15   4 3 10 1
                    16   1 6 0 1
                    17   1 2 2 2
                    18   2 5 8 1
                    19   1 7 9 2
                    20   4 5 3 2
                    21   3 2 8 1
                    22   4 6 5 1
                    23   2 8 6 1
                    24   2 8 8 2
                    25   3 1 8 2
                    26   4 5 9 1
                    27   2 7 3 2
                    28   4 1 7 1
                    29   3 8 9 1
                    30   1 7 4 1
                    31   2 5 2 1
                    32   4 4 1 1
                    33   4 2 7 1
                    34   4 5 4 1
                    35   4 2 9 1
                    36   3 1 10 1
                    37   4 2 10 2
                    38   3 3 7 2
                    39   2 4 1 2
                    40   4 5 8 2
                    41   1 5 7 2
                    42   3 6 5 2
                    43   3 5 0 2
                    44   3 6 8 2
                    45   4 2 3 2
                    46   3 3 8 2
                    47   1 7 5 2
                    48   3 6 9 1
                    49   4 5 8 1
                    50   4 3 8 1
                    51   2 5 0 1
                    52   1 4 0 2
                    53   1 2 1 2
                    54   2 6 1 2
                    55   4 7 1 2
                    56   2 4 4 1
                    57   3 6 4 2
                    58   1 7 10 1
                    59   3 4 1 1
                    60   3 1 5 1;
param nombreMachine := 5;
param capaciteRessource : 1 2 3 4 :=
                    1     7 11 12 6
                    2     6 12 16 4
                    3     6 12 17 4
                    4     6 15 16 8
                    5     8 14 14 7
end;

