data;
param nombreTypeRessource := 4;
param nombreJob := 60;
param job duree := 1 10 2 10 3 5 4 9 5 10 6 1 7 4 8 7 9 1 10 10 11 7 12 9 13 3 14 6 15 7 16 2 17 8 18 3 19 8 20 9 21 8 22 9 23 5 24 3 25 2 26 2 27 2 28 7 29 9 30 2 31 8 32 2 33 4 34 8 35 10 36 10 37 8 38 6 39 4 40 4 41 10 42 7 43 9 44 7 45 10 46 9 47 3 48 4 49 10 50 10 51 1 52 6 53 6 54 1 55 1 56 10 57 2 58 10 59 5 60 8;
param besoinRessource : 1 2 3 4 :=
                    1   4 1 10 2
                    2   2 3 8 1
                    3   4 5 9 2
                    4   3 7 1 2
                    5   3 1 2 2
                    6   3 7 10 2
                    7   3 4 5 2
                    8   3 1 7 2
                    9   4 5 4 1
                    10   2 4 2 2
                    11   3 5 1 1
                    12   1 2 8 1
                    13   4 1 1 1
                    14   4 3 9 2
                    15   3 4 1 2
                    16   2 7 10 1
                    17   1 4 7 1
                    18   3 6 4 1
                    19   1 6 10 1
                    20   2 4 0 1
                    21   1 4 1 2
                    22   4 6 0 1
                    23   1 6 8 1
                    24   3 1 8 2
                    25   1 3 1 1
                    26   1 3 4 2
                    27   1 4 8 1
                    28   2 2 3 2
                    29   1 1 9 1
                    30   4 5 0 2
                    31   4 2 1 2
                    32   2 3 7 2
                    33   1 2 0 1
                    34   2 2 10 1
                    35   3 7 5 1
                    36   1 2 3 2
                    37   2 7 8 1
                    38   3 4 10 2
                    39   1 4 1 1
                    40   3 3 5 1
                    41   1 8 0 2
                    42   1 4 6 1
                    43   2 6 1 1
                    44   1 5 9 1
                    45   3 2 8 2
                    46   2 5 10 2
                    47   4 6 1 2
                    48   3 5 1 1
                    49   2 5 3 2
                    50   3 2 7 2
                    51   2 8 6 2
                    52   3 7 6 1
                    53   2 4 1 1
                    54   4 6 1 1
                    55   3 2 3 1
                    56   4 5 0 1
                    57   3 7 9 2
                    58   2 4 2 2
                    59   3 5 6 1
                    60   4 6 10 1;
param nombreMachine := 5;
param capaciteRessource : 1 2 3 4 :=
                    1     6 11 13 7
                    2     7 15 13 8
                    3     7 15 12 7
                    4     7 15 19 5
                    5     8 11 17 5
end;

