data;
param nombreTypeRessource := 4;
param nombreJob := 60;
param job duree := 1 8 2 7 3 1 4 7 5 8 6 6 7 7 8 9 9 4 10 5 11 3 12 9 13 8 14 8 15 7 16 5 17 5 18 5 19 7 20 8 21 7 22 9 23 2 24 1 25 8 26 10 27 3 28 7 29 6 30 6 31 2 32 6 33 10 34 10 35 2 36 7 37 9 38 7 39 10 40 10 41 10 42 2 43 2 44 4 45 8 46 7 47 7 48 2 49 9 50 4 51 9 52 9 53 4 54 8 55 1 56 3 57 1 58 6 59 8 60 6;
param besoinRessource : 1 2 3 4 :=
                    1   1 3 6 1
                    2   2 2 3 2
                    3   1 4 8 2
                    4   2 8 10 2
                    5   3 6 6 1
                    6   3 1 6 1
                    7   3 4 3 2
                    8   3 3 7 2
                    9   3 6 9 2
                    10   4 8 0 2
                    11   1 7 1 2
                    12   2 3 2 2
                    13   3 2 9 2
                    14   3 2 1 2
                    15   3 6 1 1
                    16   2 6 9 2
                    17   3 2 4 2
                    18   3 7 4 1
                    19   1 3 3 1
                    20   2 7 3 1
                    21   2 6 9 2
                    22   1 5 4 1
                    23   3 5 2 1
                    24   4 6 3 1
                    25   2 4 0 1
                    26   4 6 9 1
                    27   2 5 10 1
                    28   2 4 3 2
                    29   3 7 2 1
                    30   1 6 1 2
                    31   3 8 2 1
                    32   3 4 8 2
                    33   1 2 0 1
                    34   2 8 4 1
                    35   1 2 8 1
                    36   2 7 9 1
                    37   1 6 0 2
                    38   2 6 8 2
                    39   1 2 4 1
                    40   4 8 3 2
                    41   1 8 4 1
                    42   4 5 1 2
                    43   1 5 0 1
                    44   3 2 6 1
                    45   2 6 5 1
                    46   2 3 8 1
                    47   2 6 7 2
                    48   3 5 6 1
                    49   3 7 9 1
                    50   4 4 0 1
                    51   2 6 4 1
                    52   3 7 5 1
                    53   4 2 6 2
                    54   1 8 8 1
                    55   1 2 3 1
                    56   3 5 5 2
                    57   1 4 3 1
                    58   4 1 2 2
                    59   2 5 9 2
                    60   1 5 7 2;
param nombreMachine := 5;
param capaciteRessource : 1 2 3 4 :=
                    1     7 14 13 5
                    2     7 10 16 5
                    3     8 10 16 6
                    4     6 14 19 8
                    5     8 12 13 7
end;

