data;
param nombreTypeRessource := 4;
param nombreJob := 60;
param job duree := 1 9 2 8 3 9 4 5 5 6 6 6 7 6 8 10 9 4 10 8 11 8 12 5 13 2 14 7 15 8 16 8 17 10 18 4 19 2 20 3 21 4 22 10 23 4 24 9 25 3 26 9 27 9 28 7 29 8 30 7 31 1 32 5 33 3 34 5 35 3 36 4 37 10 38 3 39 8 40 6 41 4 42 6 43 6 44 5 45 3 46 7 47 9 48 9 49 5 50 2 51 10 52 6 53 8 54 9 55 7 56 7 57 4 58 2 59 3 60 3;
param besoinRessource : 1 2 3 4 :=
                    1   2 7 0 1
                    2   2 6 10 1
                    3   3 5 4 2
                    4   3 4 5 2
                    5   3 3 2 1
                    6   2 8 4 2
                    7   4 1 8 1
                    8   4 4 6 1
                    9   2 5 9 2
                    10   3 7 4 2
                    11   2 1 10 2
                    12   1 5 9 1
                    13   1 6 0 1
                    14   1 3 6 1
                    15   4 4 1 2
                    16   1 8 3 1
                    17   3 3 10 1
                    18   1 2 8 1
                    19   2 3 3 2
                    20   4 5 9 2
                    21   2 8 0 2
                    22   3 3 3 2
                    23   4 2 3 2
                    24   4 5 6 1
                    25   4 4 7 2
                    26   1 8 10 2
                    27   3 6 10 1
                    28   2 2 9 1
                    29   4 4 0 2
                    30   3 6 4 1
                    31   2 6 4 1
                    32   4 1 0 2
                    33   1 3 5 2
                    34   1 6 6 2
                    35   3 5 0 2
                    36   4 3 4 1
                    37   4 4 0 2
                    38   4 6 8 2
                    39   2 1 2 1
                    40   3 6 4 1
                    41   4 1 4 1
                    42   2 8 1 1
                    43   1 4 3 1
                    44   3 7 6 2
                    45   1 4 7 2
                    46   2 6 6 2
                    47   4 1 7 1
                    48   4 3 0 2
                    49   1 3 2 1
                    50   4 4 9 1
                    51   3 8 6 1
                    52   4 4 5 1
                    53   3 3 0 1
                    54   2 6 2 1
                    55   1 5 5 2
                    56   1 8 3 1
                    57   1 1 4 2
                    58   3 6 1 2
                    59   1 5 9 2
                    60   3 8 8 2;
param nombreMachine := 5;
param capaciteRessource : 1 2 3 4 :=
                    1     6 10 12 4
                    2     8 16 16 4
                    3     6 14 19 5
                    4     7 14 14 7
                    5     8 13 12 6
end;

