data;
param nombreTypeRessource := 4;
param nombreJob := 60;
param job duree := 1 9 2 10 3 9 4 10 5 3 6 1 7 10 8 9 9 9 10 3 11 7 12 2 13 6 14 9 15 5 16 5 17 8 18 1 19 8 20 10 21 9 22 7 23 8 24 3 25 9 26 2 27 5 28 5 29 4 30 7 31 7 32 8 33 9 34 3 35 3 36 3 37 1 38 7 39 9 40 8 41 7 42 10 43 9 44 10 45 9 46 8 47 8 48 7 49 5 50 2 51 3 52 2 53 6 54 1 55 2 56 10 57 7 58 4 59 3 60 8;
param besoinRessource : 1 2 3 4 :=
                    1   4 2 1 2
                    2   2 5 0 1
                    3   4 3 0 2
                    4   2 1 7 1
                    5   4 4 3 1
                    6   2 3 5 2
                    7   4 2 0 1
                    8   4 2 6 1
                    9   3 4 9 1
                    10   3 8 4 2
                    11   4 8 0 2
                    12   2 6 2 2
                    13   3 4 10 2
                    14   1 4 6 2
                    15   3 3 1 2
                    16   4 1 1 1
                    17   3 8 5 2
                    18   2 8 4 1
                    19   4 8 9 2
                    20   4 1 4 1
                    21   2 3 10 2
                    22   2 1 5 1
                    23   1 3 3 2
                    24   1 2 1 1
                    25   2 7 10 2
                    26   3 4 2 2
                    27   4 1 0 2
                    28   2 2 2 2
                    29   4 1 10 2
                    30   4 1 10 1
                    31   2 3 0 1
                    32   3 2 0 2
                    33   2 8 7 1
                    34   1 8 7 1
                    35   1 8 6 2
                    36   1 7 9 2
                    37   3 2 4 1
                    38   3 4 1 2
                    39   3 4 4 1
                    40   4 5 4 1
                    41   1 7 5 1
                    42   2 1 4 2
                    43   2 4 10 1
                    44   1 2 3 2
                    45   1 1 9 1
                    46   3 7 1 1
                    47   2 3 2 2
                    48   4 2 9 1
                    49   4 3 4 1
                    50   4 6 10 1
                    51   1 6 9 2
                    52   1 8 2 2
                    53   3 2 2 2
                    54   1 7 6 1
                    55   4 2 8 1
                    56   4 7 4 2
                    57   2 6 4 1
                    58   1 4 5 2
                    59   2 4 10 1
                    60   1 8 6 2;
param nombreMachine := 5;
param capaciteRessource : 1 2 3 4 :=
                    1     7 14 15 5
                    2     7 16 18 6
                    3     8 10 13 4
                    4     6 13 20 6
                    5     6 16 18 5
end;

