data;
param nombreTypeRessource := 4;
param nombreJob := 60;
param job duree := 1 9 2 8 3 2 4 4 5 9 6 2 7 2 8 9 9 2 10 1 11 7 12 7 13 3 14 5 15 4 16 9 17 1 18 7 19 3 20 8 21 7 22 10 23 2 24 9 25 3 26 2 27 4 28 8 29 6 30 3 31 2 32 1 33 2 34 1 35 7 36 1 37 3 38 3 39 8 40 5 41 2 42 10 43 9 44 8 45 2 46 3 47 7 48 8 49 6 50 9 51 4 52 4 53 1 54 2 55 3 56 4 57 2 58 10 59 4 60 6;
param besoinRessource : 1 2 3 4 :=
                    1   2 7 0 1
                    2   1 3 6 1
                    3   2 5 4 1
                    4   3 2 7 1
                    5   4 6 5 1
                    6   3 3 0 1
                    7   2 3 0 2
                    8   3 1 9 2
                    9   4 4 1 2
                    10   4 5 0 1
                    11   3 6 0 1
                    12   1 6 6 2
                    13   3 1 10 2
                    14   1 6 7 1
                    15   4 2 9 2
                    16   1 8 4 1
                    17   2 4 6 1
                    18   3 2 6 2
                    19   1 1 8 2
                    20   3 4 7 2
                    21   1 4 5 1
                    22   1 3 10 1
                    23   2 8 0 1
                    24   2 1 0 1
                    25   4 1 4 2
                    26   3 7 10 1
                    27   3 2 8 1
                    28   1 1 10 2
                    29   4 2 9 2
                    30   4 8 10 1
                    31   3 7 4 1
                    32   4 2 8 2
                    33   4 5 1 1
                    34   2 4 3 1
                    35   4 4 5 1
                    36   3 5 10 2
                    37   3 5 3 1
                    38   1 5 4 1
                    39   1 4 5 1
                    40   1 3 1 1
                    41   2 8 4 2
                    42   4 6 4 2
                    43   3 1 7 2
                    44   1 4 4 1
                    45   1 6 9 1
                    46   3 7 1 2
                    47   1 8 8 2
                    48   4 7 4 2
                    49   3 2 1 2
                    50   4 8 6 2
                    51   4 7 3 1
                    52   3 3 5 1
                    53   4 4 2 2
                    54   1 7 2 1
                    55   1 8 4 1
                    56   4 6 9 1
                    57   2 1 6 1
                    58   3 1 0 1
                    59   2 4 5 1
                    60   2 6 1 2;
param nombreMachine := 5;
param capaciteRessource : 1 2 3 4 :=
                    1     7 10 15 5
                    2     8 16 16 8
                    3     7 11 19 4
                    4     8 16 16 4
                    5     6 14 17 8
end;

