data;
param nombreTypeRessource := 4;
param nombreJob := 60;
param job duree := 1 4 2 7 3 4 4 6 5 10 6 1 7 2 8 2 9 6 10 7 11 5 12 8 13 7 14 5 15 2 16 10 17 5 18 5 19 3 20 7 21 3 22 1 23 2 24 4 25 5 26 10 27 8 28 4 29 7 30 1 31 6 32 9 33 7 34 4 35 8 36 1 37 2 38 2 39 3 40 6 41 6 42 10 43 5 44 5 45 2 46 2 47 2 48 2 49 2 50 7 51 9 52 10 53 2 54 5 55 7 56 5 57 4 58 7 59 10 60 9;
param besoinRessource : 1 2 3 4 :=
                    1   3 3 8 2
                    2   3 7 10 2
                    3   4 3 7 1
                    4   4 3 3 2
                    5   2 8 3 1
                    6   4 3 7 1
                    7   1 3 7 2
                    8   3 4 0 1
                    9   4 1 3 2
                    10   3 7 9 1
                    11   2 1 10 1
                    12   1 6 10 2
                    13   3 4 2 2
                    14   3 8 2 1
                    15   2 3 0 2
                    16   4 6 10 2
                    17   1 1 10 2
                    18   1 2 4 1
                    19   3 5 2 2
                    20   4 7 2 2
                    21   2 1 1 2
                    22   3 8 7 2
                    23   3 2 8 1
                    24   2 6 5 1
                    25   2 3 5 1
                    26   3 6 2 1
                    27   2 5 9 2
                    28   1 2 7 2
                    29   3 6 0 1
                    30   4 2 9 2
                    31   1 4 0 2
                    32   1 3 4 1
                    33   2 8 3 2
                    34   1 7 0 1
                    35   4 1 6 1
                    36   2 5 8 1
                    37   3 7 7 2
                    38   4 2 2 2
                    39   1 7 6 2
                    40   1 4 7 2
                    41   4 7 2 2
                    42   4 5 5 2
                    43   3 1 5 2
                    44   4 3 5 1
                    45   2 1 5 2
                    46   4 1 4 2
                    47   1 8 7 2
                    48   4 1 5 1
                    49   2 8 2 2
                    50   4 4 0 1
                    51   3 8 4 2
                    52   3 1 1 1
                    53   1 7 10 2
                    54   1 2 6 2
                    55   4 3 3 2
                    56   1 5 2 1
                    57   2 5 0 2
                    58   3 6 8 1
                    59   4 2 1 1
                    60   1 8 4 2;
param nombreMachine := 5;
param capaciteRessource : 1 2 3 4 :=
                    1     7 13 16 5
                    2     6 10 12 8
                    3     7 13 15 8
                    4     8 15 17 6
                    5     7 16 14 4
end;

