data;
param nombreTypeRessource := 4;
param nombreJob := 60;
param job duree := 1 8 2 10 3 1 4 5 5 10 6 6 7 9 8 9 9 2 10 10 11 8 12 8 13 4 14 4 15 5 16 1 17 5 18 3 19 9 20 3 21 4 22 5 23 8 24 1 25 5 26 2 27 9 28 3 29 5 30 4 31 2 32 5 33 1 34 4 35 7 36 2 37 1 38 5 39 3 40 4 41 4 42 7 43 1 44 8 45 9 46 7 47 7 48 7 49 1 50 4 51 8 52 8 53 7 54 6 55 5 56 10 57 10 58 5 59 8 60 6;
param besoinRessource : 1 2 3 4 :=
                    1   4 2 6 1
                    2   1 2 1 2
                    3   4 5 9 2
                    4   4 8 0 1
                    5   3 4 3 2
                    6   3 1 3 1
                    7   1 5 8 2
                    8   3 1 4 1
                    9   3 6 6 1
                    10   3 6 1 1
                    11   4 5 1 2
                    12   3 3 3 2
                    13   4 3 1 1
                    14   1 5 2 2
                    15   2 1 1 1
                    16   2 4 4 2
                    17   3 1 6 1
                    18   3 5 2 1
                    19   1 6 6 1
                    20   1 4 10 1
                    21   1 2 10 2
                    22   3 8 2 1
                    23   1 3 4 1
                    24   3 4 7 1
                    25   2 6 8 2
                    26   2 3 2 2
                    27   3 3 8 2
                    28   3 1 5 1
                    29   1 3 0 2
                    30   1 4 3 1
                    31   1 4 3 1
                    32   1 1 6 2
                    33   3 3 5 2
                    34   4 1 9 2
                    35   4 1 5 1
                    36   3 7 6 2
                    37   4 7 3 2
                    38   3 2 5 1
                    39   3 8 6 2
                    40   3 4 1 1
                    41   4 6 4 1
                    42   1 3 1 1
                    43   3 3 3 2
                    44   3 2 1 1
                    45   2 2 2 1
                    46   4 3 10 1
                    47   1 7 3 1
                    48   3 1 1 1
                    49   4 8 10 2
                    50   2 8 8 1
                    51   4 8 9 2
                    52   3 3 6 1
                    53   3 7 8 2
                    54   3 6 1 1
                    55   4 5 5 1
                    56   2 8 9 1
                    57   4 8 2 1
                    58   4 1 9 1
                    59   4 5 3 2
                    60   3 2 6 2;
param nombreMachine := 5;
param capaciteRessource : 1 2 3 4 :=
                    1     6 15 18 8
                    2     6 13 15 6
                    3     7 13 19 7
                    4     8 10 18 7
                    5     6 14 18 4
end;

