data;
param nombreTypeRessource := 4;
param nombreJob := 60;
param job duree := 1 10 2 10 3 7 4 8 5 4 6 8 7 7 8 8 9 6 10 2 11 4 12 8 13 5 14 6 15 5 16 10 17 10 18 3 19 7 20 2 21 6 22 5 23 8 24 10 25 10 26 5 27 3 28 2 29 5 30 6 31 4 32 10 33 8 34 5 35 9 36 2 37 3 38 8 39 7 40 9 41 6 42 3 43 5 44 1 45 8 46 5 47 6 48 9 49 10 50 9 51 8 52 8 53 8 54 6 55 10 56 8 57 2 58 2 59 7 60 7;
param besoinRessource : 1 2 3 4 :=
                    1   3 7 6 1
                    2   4 1 0 1
                    3   3 4 8 1
                    4   1 5 7 2
                    5   3 6 7 2
                    6   2 2 7 1
                    7   3 4 2 1
                    8   4 3 0 1
                    9   2 7 9 1
                    10   1 1 5 2
                    11   3 6 8 2
                    12   2 5 0 2
                    13   3 1 3 1
                    14   2 5 5 2
                    15   3 5 0 2
                    16   4 7 4 2
                    17   1 6 5 1
                    18   1 2 0 1
                    19   1 8 10 2
                    20   2 8 1 2
                    21   4 4 1 1
                    22   3 7 5 2
                    23   3 3 0 1
                    24   2 7 3 1
                    25   2 4 1 2
                    26   3 5 7 2
                    27   4 7 7 2
                    28   2 4 8 2
                    29   1 7 3 2
                    30   1 4 2 2
                    31   3 4 6 2
                    32   3 2 8 1
                    33   1 8 2 2
                    34   2 4 8 2
                    35   3 3 6 2
                    36   4 2 0 1
                    37   3 4 2 1
                    38   3 6 6 2
                    39   2 5 2 2
                    40   4 8 4 1
                    41   3 8 5 2
                    42   1 6 1 1
                    43   1 7 6 2
                    44   2 8 3 1
                    45   2 7 7 1
                    46   1 1 8 1
                    47   1 7 6 2
                    48   2 7 5 1
                    49   4 6 10 2
                    50   4 4 1 2
                    51   1 6 6 2
                    52   2 2 3 2
                    53   2 2 4 2
                    54   3 5 9 2
                    55   3 5 1 1
                    56   2 4 3 2
                    57   4 3 1 2
                    58   2 3 2 2
                    59   3 2 10 1
                    60   3 5 5 1;
param nombreMachine := 5;
param capaciteRessource : 1 2 3 4 :=
                    1     6 16 16 5
                    2     6 16 16 6
                    3     7 16 16 4
                    4     7 11 14 8
                    5     7 14 16 6
end;

