data;
param nombreTypeRessource := 4;
param nombreJob := 60;
param job duree := 1 5 2 9 3 5 4 1 5 6 6 6 7 4 8 8 9 3 10 5 11 4 12 5 13 6 14 4 15 9 16 3 17 1 18 10 19 7 20 8 21 4 22 6 23 3 24 6 25 4 26 6 27 8 28 6 29 3 30 1 31 1 32 6 33 5 34 8 35 2 36 6 37 4 38 1 39 7 40 8 41 9 42 1 43 9 44 1 45 1 46 1 47 2 48 8 49 7 50 5 51 1 52 5 53 2 54 10 55 4 56 2 57 3 58 4 59 6 60 8;
param besoinRessource : 1 2 3 4 :=
                    1   2 8 10 1
                    2   3 7 5 2
                    3   3 5 1 2
                    4   3 5 5 1
                    5   1 7 6 2
                    6   3 4 7 1
                    7   2 4 7 1
                    8   2 2 9 2
                    9   1 7 7 1
                    10   4 2 4 1
                    11   2 2 7 2
                    12   2 5 4 2
                    13   2 8 6 2
                    14   2 3 0 1
                    15   2 3 10 2
                    16   3 1 6 2
                    17   4 7 6 2
                    18   4 5 2 1
                    19   4 3 10 1
                    20   3 2 5 1
                    21   2 3 0 1
                    22   1 8 7 1
                    23   3 7 4 1
                    24   2 7 0 2
                    25   1 4 4 1
                    26   4 3 4 1
                    27   1 7 5 2
                    28   2 5 6 2
                    29   1 8 10 1
                    30   1 2 10 2
                    31   2 2 9 2
                    32   3 6 6 1
                    33   4 1 8 2
                    34   1 6 5 1
                    35   4 7 2 2
                    36   3 7 10 1
                    37   1 3 8 1
                    38   1 5 7 2
                    39   2 7 6 1
                    40   3 1 10 2
                    41   4 2 0 2
                    42   1 6 1 1
                    43   3 1 0 1
                    44   4 4 5 1
                    45   3 1 8 1
                    46   4 3 10 1
                    47   1 7 3 1
                    48   4 8 10 2
                    49   1 3 8 1
                    50   3 6 8 1
                    51   2 7 3 2
                    52   3 4 0 2
                    53   4 8 0 2
                    54   4 7 2 1
                    55   2 6 10 1
                    56   4 1 9 2
                    57   3 5 4 1
                    58   4 4 1 2
                    59   3 2 8 2
                    60   4 2 1 1;
param nombreMachine := 5;
param capaciteRessource : 1 2 3 4 :=
                    1     6 13 15 6
                    2     8 10 17 6
                    3     8 14 16 4
                    4     7 14 15 7
                    5     6 16 16 8
end;

