data;
param nombreTypeRessource := 4;
param nombreJob := 60;
param job duree := 1 9 2 10 3 4 4 7 5 10 6 1 7 6 8 8 9 3 10 7 11 9 12 7 13 10 14 3 15 1 16 8 17 8 18 8 19 8 20 6 21 5 22 2 23 9 24 6 25 2 26 7 27 6 28 1 29 9 30 3 31 2 32 3 33 5 34 1 35 6 36 3 37 3 38 10 39 2 40 10 41 5 42 8 43 10 44 9 45 1 46 7 47 4 48 1 49 3 50 6 51 7 52 5 53 10 54 9 55 7 56 2 57 8 58 8 59 1 60 8;
param besoinRessource : 1 2 3 4 :=
                    1   3 4 7 2
                    2   2 1 2 1
                    3   3 3 1 2
                    4   2 4 7 2
                    5   1 2 2 1
                    6   2 5 3 2
                    7   3 6 1 2
                    8   3 3 3 1
                    9   1 8 10 1
                    10   2 2 5 2
                    11   4 8 10 1
                    12   2 6 8 1
                    13   2 8 3 2
                    14   4 4 7 2
                    15   3 4 5 2
                    16   3 8 6 1
                    17   4 5 9 1
                    18   2 4 4 1
                    19   3 1 5 1
                    20   4 4 10 1
                    21   1 7 9 1
                    22   4 3 9 1
                    23   4 1 10 1
                    24   4 8 3 2
                    25   2 4 10 1
                    26   1 6 9 1
                    27   2 2 2 2
                    28   3 1 9 1
                    29   2 8 2 1
                    30   1 5 10 2
                    31   3 3 3 1
                    32   2 4 1 2
                    33   2 2 4 2
                    34   3 2 8 2
                    35   2 6 2 1
                    36   3 3 7 1
                    37   1 7 7 2
                    38   1 2 0 2
                    39   3 7 8 2
                    40   4 3 7 1
                    41   4 2 8 1
                    42   2 1 2 2
                    43   1 3 6 1
                    44   1 5 3 1
                    45   2 7 2 1
                    46   2 1 9 2
                    47   4 1 3 1
                    48   2 5 0 1
                    49   4 7 9 2
                    50   4 6 2 2
                    51   4 6 9 1
                    52   1 5 2 1
                    53   4 4 3 2
                    54   3 2 9 1
                    55   4 6 5 1
                    56   3 8 5 1
                    57   2 4 0 1
                    58   1 7 8 2
                    59   2 1 6 1
                    60   3 4 8 2;
param nombreMachine := 5;
param capaciteRessource : 1 2 3 4 :=
                    1     6 15 12 8
                    2     7 13 17 7
                    3     6 10 18 4
                    4     6 13 13 7
                    5     8 12 13 6
end;

