data;
param nombreTypeRessource := 4;
param nombreJob := 60;
param job duree := 1 3 2 9 3 2 4 6 5 10 6 6 7 7 8 8 9 4 10 9 11 4 12 1 13 1 14 8 15 1 16 6 17 9 18 8 19 9 20 8 21 9 22 5 23 4 24 9 25 7 26 1 27 1 28 1 29 10 30 8 31 8 32 9 33 7 34 2 35 1 36 4 37 1 38 8 39 10 40 1 41 5 42 1 43 8 44 6 45 3 46 7 47 8 48 7 49 4 50 6 51 7 52 8 53 5 54 2 55 7 56 7 57 5 58 6 59 1 60 7;
param besoinRessource : 1 2 3 4 :=
                    1   3 1 5 2
                    2   3 7 6 2
                    3   1 1 10 1
                    4   3 5 8 1
                    5   1 4 2 2
                    6   4 7 6 1
                    7   4 3 3 2
                    8   3 3 9 2
                    9   4 6 8 2
                    10   2 4 5 1
                    11   2 1 7 1
                    12   2 7 3 2
                    13   2 1 7 1
                    14   2 4 9 2
                    15   4 6 0 1
                    16   2 6 5 2
                    17   3 8 10 2
                    18   2 6 2 2
                    19   1 5 8 1
                    20   2 2 9 1
                    21   3 8 4 1
                    22   1 6 2 2
                    23   1 3 4 2
                    24   2 7 6 2
                    25   1 2 3 1
                    26   3 8 5 1
                    27   3 8 2 1
                    28   1 5 4 1
                    29   3 3 9 2
                    30   3 2 8 2
                    31   4 6 0 1
                    32   4 5 10 1
                    33   3 2 2 2
                    34   3 1 10 1
                    35   4 3 1 1
                    36   3 4 8 2
                    37   3 7 1 1
                    38   3 6 1 2
                    39   2 5 1 1
                    40   4 2 7 1
                    41   1 5 0 2
                    42   4 8 9 1
                    43   3 4 10 1
                    44   2 4 10 2
                    45   3 7 0 1
                    46   2 8 4 2
                    47   3 2 0 1
                    48   1 1 4 1
                    49   4 8 8 2
                    50   3 6 10 2
                    51   4 2 7 2
                    52   2 2 2 1
                    53   2 3 5 2
                    54   3 3 5 2
                    55   2 4 2 2
                    56   1 4 0 1
                    57   1 2 2 1
                    58   4 8 9 2
                    59   1 8 8 1
                    60   4 3 0 1;
param nombreMachine := 5;
param capaciteRessource : 1 2 3 4 :=
                    1     8 16 12 8
                    2     6 12 14 5
                    3     6 14 18 6
                    4     6 12 16 8
                    5     6 16 14 6
end;

