data;
param nombreTypeRessource := 4;
param nombreJob := 60;
param job duree := 1 8 2 1 3 10 4 8 5 7 6 10 7 7 8 3 9 7 10 2 11 9 12 10 13 8 14 7 15 8 16 7 17 6 18 6 19 5 20 9 21 8 22 9 23 6 24 2 25 6 26 8 27 3 28 6 29 2 30 2 31 1 32 10 33 6 34 4 35 8 36 6 37 4 38 7 39 1 40 6 41 9 42 10 43 4 44 3 45 9 46 8 47 10 48 3 49 9 50 1 51 5 52 1 53 7 54 5 55 6 56 6 57 8 58 6 59 6 60 1;
param besoinRessource : 1 2 3 4 :=
                    1   1 1 7 2
                    2   4 1 2 2
                    3   3 8 4 2
                    4   3 8 6 1
                    5   2 7 0 1
                    6   3 3 7 2
                    7   2 1 6 2
                    8   3 6 7 2
                    9   3 5 9 1
                    10   4 4 7 2
                    11   3 4 10 2
                    12   2 3 2 1
                    13   3 5 3 2
                    14   1 8 1 1
                    15   2 1 2 2
                    16   3 1 6 1
                    17   1 6 7 2
                    18   2 7 2 2
                    19   1 7 5 2
                    20   3 4 0 2
                    21   1 4 9 1
                    22   3 2 4 2
                    23   1 3 2 2
                    24   2 4 6 1
                    25   1 4 3 1
                    26   1 8 9 1
                    27   3 4 4 1
                    28   3 6 10 1
                    29   3 7 8 1
                    30   3 5 2 2
                    31   3 5 5 1
                    32   3 6 7 1
                    33   2 4 0 2
                    34   3 4 8 2
                    35   3 5 8 2
                    36   3 2 7 1
                    37   2 3 5 1
                    38   3 8 4 2
                    39   3 4 6 2
                    40   2 4 9 1
                    41   2 5 3 2
                    42   4 1 7 1
                    43   1 1 9 1
                    44   1 8 10 1
                    45   3 3 8 2
                    46   4 2 9 1
                    47   4 6 4 1
                    48   4 6 6 2
                    49   4 2 3 1
                    50   4 5 1 2
                    51   2 2 4 2
                    52   3 1 5 1
                    53   1 3 6 2
                    54   1 1 3 2
                    55   1 7 6 1
                    56   3 3 8 2
                    57   1 7 5 1
                    58   4 6 9 1
                    59   4 5 10 1
                    60   3 3 1 2;
param nombreMachine := 5;
param capaciteRessource : 1 2 3 4 :=
                    1     8 13 12 5
                    2     7 15 17 4
                    3     7 16 20 8
                    4     8 12 15 4
                    5     8 11 15 6
end;

