data;
param nombreTypeRessource := 4;
param nombreJob := 60;
param job duree := 1 4 2 2 3 10 4 7 5 5 6 9 7 8 8 9 9 2 10 2 11 4 12 8 13 7 14 3 15 2 16 9 17 7 18 3 19 7 20 1 21 3 22 6 23 10 24 3 25 3 26 5 27 3 28 6 29 10 30 6 31 6 32 3 33 4 34 4 35 4 36 3 37 3 38 1 39 2 40 9 41 6 42 10 43 4 44 4 45 8 46 7 47 1 48 8 49 6 50 10 51 6 52 3 53 1 54 7 55 2 56 3 57 9 58 6 59 8 60 5;
param besoinRessource : 1 2 3 4 :=
                    1   1 1 2 2
                    2   1 1 4 2
                    3   4 1 8 1
                    4   2 7 8 2
                    5   3 3 4 1
                    6   1 6 8 2
                    7   4 6 0 2
                    8   1 5 5 1
                    9   1 8 1 2
                    10   3 6 0 1
                    11   4 1 6 1
                    12   1 7 6 1
                    13   3 2 3 2
                    14   1 4 8 1
                    15   3 1 9 2
                    16   2 6 0 2
                    17   2 6 4 2
                    18   4 1 0 1
                    19   4 1 3 2
                    20   2 6 6 1
                    21   2 7 3 1
                    22   3 3 0 1
                    23   1 8 0 1
                    24   3 1 9 2
                    25   1 6 10 2
                    26   1 8 9 1
                    27   2 4 2 2
                    28   3 5 1 2
                    29   1 6 3 1
                    30   4 6 3 1
                    31   2 3 8 1
                    32   1 6 10 2
                    33   4 4 7 2
                    34   3 5 3 1
                    35   1 4 0 2
                    36   4 5 2 1
                    37   1 2 1 2
                    38   1 3 1 1
                    39   1 3 2 2
                    40   2 2 8 2
                    41   3 7 2 2
                    42   4 3 6 2
                    43   2 4 2 1
                    44   2 1 4 2
                    45   3 6 2 2
                    46   1 5 10 2
                    47   3 8 8 2
                    48   4 5 7 2
                    49   1 8 9 2
                    50   1 7 1 1
                    51   1 2 5 1
                    52   3 7 3 2
                    53   2 4 6 2
                    54   3 6 2 1
                    55   3 5 3 2
                    56   3 2 4 1
                    57   2 8 4 2
                    58   4 6 8 1
                    59   3 7 0 2
                    60   1 8 1 2;
param nombreMachine := 5;
param capaciteRessource : 1 2 3 4 :=
                    1     6 12 16 7
                    2     8 13 14 8
                    3     6 16 20 4
                    4     6 10 13 8
                    5     8 11 18 4
end;

