data;
param nombreTypeRessource := 4;
param nombreJob := 60;
param job duree := 1 8 2 7 3 2 4 4 5 4 6 3 7 1 8 7 9 5 10 8 11 1 12 4 13 8 14 2 15 4 16 5 17 1 18 8 19 9 20 1 21 6 22 4 23 4 24 6 25 10 26 7 27 5 28 9 29 5 30 1 31 2 32 2 33 6 34 5 35 1 36 9 37 9 38 7 39 9 40 4 41 7 42 3 43 5 44 1 45 2 46 3 47 2 48 4 49 6 50 10 51 10 52 7 53 9 54 1 55 4 56 4 57 1 58 2 59 8 60 3;
param besoinRessource : 1 2 3 4 :=
                    1   4 2 5 2
                    2   3 6 6 1
                    3   3 3 8 2
                    4   4 6 8 1
                    5   4 2 4 2
                    6   1 2 4 1
                    7   1 1 2 1
                    8   4 8 4 1
                    9   3 7 5 2
                    10   1 2 10 2
                    11   1 3 9 2
                    12   1 6 5 1
                    13   1 4 2 2
                    14   2 7 8 2
                    15   2 7 3 1
                    16   1 5 1 1
                    17   4 8 9 1
                    18   3 4 9 1
                    19   2 1 2 1
                    20   1 6 3 1
                    21   2 4 2 1
                    22   1 4 2 2
                    23   1 8 9 1
                    24   2 1 2 1
                    25   1 2 4 1
                    26   1 1 4 2
                    27   2 6 5 2
                    28   2 3 10 1
                    29   2 4 2 2
                    30   3 7 4 2
                    31   3 2 0 2
                    32   1 7 7 1
                    33   4 5 9 2
                    34   2 7 4 1
                    35   4 3 8 2
                    36   4 1 5 1
                    37   3 5 0 1
                    38   1 2 0 2
                    39   1 8 8 2
                    40   1 3 10 2
                    41   4 7 10 2
                    42   1 8 0 2
                    43   3 1 8 1
                    44   2 7 9 2
                    45   3 3 1 1
                    46   1 7 7 1
                    47   4 4 0 2
                    48   1 7 4 1
                    49   3 7 5 1
                    50   1 7 9 2
                    51   3 8 7 2
                    52   1 8 4 2
                    53   1 5 4 2
                    54   1 7 7 1
                    55   2 7 5 1
                    56   1 1 0 2
                    57   2 8 3 1
                    58   2 4 5 1
                    59   1 4 4 1
                    60   2 4 2 2;
param nombreMachine := 5;
param capaciteRessource : 1 2 3 4 :=
                    1     6 15 18 8
                    2     6 12 14 7
                    3     8 11 18 7
                    4     8 10 15 8
                    5     7 16 16 5
end;

