data;
param nombreTypeRessource := 4;
param nombreJob := 60;
param job duree := 1 1 2 2 3 9 4 3 5 2 6 5 7 6 8 6 9 2 10 9 11 1 12 1 13 10 14 5 15 1 16 1 17 3 18 2 19 2 20 9 21 5 22 5 23 8 24 6 25 5 26 3 27 7 28 7 29 4 30 9 31 8 32 3 33 9 34 9 35 6 36 3 37 7 38 7 39 4 40 3 41 4 42 2 43 7 44 8 45 8 46 8 47 9 48 4 49 5 50 1 51 6 52 4 53 10 54 5 55 3 56 9 57 7 58 6 59 2 60 8;
param besoinRessource : 1 2 3 4 :=
                    1   4 2 3 2
                    2   3 7 7 2
                    3   3 8 7 1
                    4   1 3 5 2
                    5   1 7 6 1
                    6   1 1 0 1
                    7   2 8 8 2
                    8   3 1 9 2
                    9   2 4 4 1
                    10   2 6 4 2
                    11   3 1 4 2
                    12   1 5 7 1
                    13   1 3 1 1
                    14   2 6 6 1
                    15   2 6 2 2
                    16   2 3 5 2
                    17   4 2 6 1
                    18   1 7 1 2
                    19   2 5 8 2
                    20   1 4 10 1
                    21   3 8 10 2
                    22   1 3 10 2
                    23   3 5 2 1
                    24   1 3 2 1
                    25   3 4 1 1
                    26   1 8 4 2
                    27   1 4 3 1
                    28   3 4 3 1
                    29   3 5 8 1
                    30   4 3 8 1
                    31   3 8 9 1
                    32   4 1 9 1
                    33   3 4 4 2
                    34   1 7 1 1
                    35   1 6 8 1
                    36   3 6 0 1
                    37   3 1 2 2
                    38   1 4 6 2
                    39   3 2 8 2
                    40   3 1 4 1
                    41   1 3 4 2
                    42   1 8 10 2
                    43   2 6 5 2
                    44   4 3 10 2
                    45   3 7 8 2
                    46   2 8 6 2
                    47   2 4 2 1
                    48   4 2 5 2
                    49   1 3 0 2
                    50   2 3 8 1
                    51   2 6 9 1
                    52   4 6 9 1
                    53   2 8 4 2
                    54   1 2 1 2
                    55   2 3 5 2
                    56   2 2 3 2
                    57   3 8 1 1
                    58   4 4 5 1
                    59   1 4 6 1
                    60   1 3 10 2;
param nombreMachine := 5;
param capaciteRessource : 1 2 3 4 :=
                    1     7 13 12 5
                    2     6 10 20 7
                    3     7 15 19 5
                    4     7 16 12 6
                    5     8 13 13 8
end;

