data;
param nombreTypeRessource := 4;
param nombreJob := 60;
param job duree := 1 5 2 10 3 1 4 10 5 9 6 2 7 5 8 5 9 10 10 6 11 10 12 2 13 8 14 4 15 1 16 7 17 6 18 5 19 2 20 8 21 1 22 7 23 5 24 2 25 7 26 4 27 2 28 6 29 1 30 5 31 2 32 3 33 7 34 1 35 7 36 5 37 8 38 3 39 2 40 5 41 5 42 7 43 7 44 3 45 7 46 7 47 3 48 1 49 10 50 3 51 9 52 4 53 10 54 2 55 1 56 10 57 7 58 9 59 4 60 5;
param besoinRessource : 1 2 3 4 :=
                    1   3 2 10 1
                    2   3 2 2 2
                    3   3 2 10 1
                    4   1 3 8 1
                    5   4 6 9 2
                    6   1 1 0 2
                    7   2 2 9 1
                    8   3 4 0 2
                    9   4 8 8 1
                    10   1 4 6 2
                    11   3 6 0 1
                    12   2 8 1 2
                    13   1 5 1 2
                    14   2 1 7 1
                    15   3 5 0 1
                    16   2 4 7 2
                    17   2 7 2 2
                    18   4 5 8 1
                    19   2 2 9 1
                    20   2 3 5 1
                    21   3 5 9 1
                    22   1 5 9 2
                    23   2 8 7 1
                    24   2 2 1 1
                    25   1 1 8 1
                    26   3 5 7 1
                    27   2 8 10 2
                    28   2 8 9 1
                    29   3 4 2 2
                    30   1 1 10 1
                    31   4 2 2 2
                    32   1 6 6 1
                    33   3 5 6 2
                    34   3 1 6 1
                    35   3 5 7 2
                    36   2 4 8 2
                    37   3 2 5 2
                    38   4 6 1 2
                    39   4 7 9 1
                    40   4 7 9 2
                    41   1 3 10 2
                    42   4 6 1 1
                    43   4 2 4 2
                    44   4 3 5 1
                    45   2 4 3 2
                    46   2 5 3 1
                    47   2 5 3 1
                    48   3 1 8 2
                    49   2 7 3 1
                    50   4 5 5 2
                    51   2 1 4 1
                    52   2 7 7 1
                    53   4 4 4 2
                    54   3 7 7 1
                    55   3 4 8 2
                    56   3 5 5 1
                    57   4 6 5 2
                    58   4 2 7 2
                    59   1 1 7 2
                    60   1 1 3 1;
param nombreMachine := 5;
param capaciteRessource : 1 2 3 4 :=
                    1     7 14 14 5
                    2     7 16 15 4
                    3     8 13 14 7
                    4     8 14 18 5
                    5     8 16 16 7
end;

