data;
param nombreTypeRessource := 4;
param nombreJob := 60;
param job duree := 1 7 2 3 3 7 4 3 5 9 6 2 7 9 8 4 9 3 10 1 11 9 12 10 13 1 14 2 15 6 16 6 17 9 18 3 19 10 20 5 21 3 22 9 23 10 24 5 25 4 26 8 27 7 28 6 29 1 30 4 31 7 32 1 33 7 34 5 35 5 36 5 37 2 38 3 39 10 40 2 41 1 42 4 43 9 44 1 45 5 46 5 47 6 48 2 49 10 50 5 51 3 52 4 53 8 54 5 55 9 56 8 57 8 58 8 59 8 60 6;
param besoinRessource : 1 2 3 4 :=
                    1   3 1 1 2
                    2   4 8 9 1
                    3   4 7 10 1
                    4   2 1 8 1
                    5   2 4 10 1
                    6   1 1 9 1
                    7   1 1 7 1
                    8   2 2 8 1
                    9   4 3 9 1
                    10   3 8 3 2
                    11   1 7 0 1
                    12   3 3 3 1
                    13   4 2 6 1
                    14   1 5 9 2
                    15   4 3 10 2
                    16   2 2 1 1
                    17   2 3 5 2
                    18   3 6 6 1
                    19   4 8 0 1
                    20   3 1 8 2
                    21   2 6 9 2
                    22   3 7 1 1
                    23   4 2 1 1
                    24   4 3 4 2
                    25   3 1 9 2
                    26   3 8 5 1
                    27   3 5 6 2
                    28   4 6 10 1
                    29   3 4 0 1
                    30   2 3 4 2
                    31   4 2 7 1
                    32   1 2 5 2
                    33   1 8 6 1
                    34   3 6 8 1
                    35   4 2 4 1
                    36   2 8 1 2
                    37   4 1 0 2
                    38   3 8 10 2
                    39   4 4 5 1
                    40   1 1 2 1
                    41   1 3 7 1
                    42   3 1 9 1
                    43   4 3 2 1
                    44   1 4 10 1
                    45   4 7 1 1
                    46   2 1 3 2
                    47   4 4 3 2
                    48   1 1 3 1
                    49   3 6 3 2
                    50   4 7 1 2
                    51   4 3 9 2
                    52   4 6 5 2
                    53   2 2 0 1
                    54   1 6 6 1
                    55   3 5 0 2
                    56   2 3 8 2
                    57   4 7 4 1
                    58   4 4 4 1
                    59   4 2 4 2
                    60   3 8 10 2;
param nombreMachine := 5;
param capaciteRessource : 1 2 3 4 :=
                    1     7 16 20 6
                    2     6 10 14 8
                    3     6 12 15 4
                    4     6 10 15 5
                    5     7 12 20 6
end;

