data;
param nombreTypeRessource := 4;
param nombreJob := 60;
param job duree := 1 3 2 5 3 6 4 1 5 8 6 1 7 7 8 7 9 9 10 1 11 9 12 4 13 4 14 7 15 9 16 10 17 3 18 5 19 6 20 4 21 9 22 1 23 3 24 6 25 10 26 8 27 8 28 1 29 10 30 8 31 6 32 2 33 5 34 5 35 8 36 4 37 8 38 9 39 8 40 1 41 9 42 3 43 7 44 1 45 1 46 2 47 1 48 2 49 5 50 5 51 6 52 7 53 7 54 7 55 10 56 7 57 2 58 4 59 6 60 9;
param besoinRessource : 1 2 3 4 :=
                    1   4 5 2 1
                    2   4 1 9 1
                    3   1 5 4 1
                    4   3 8 8 2
                    5   1 3 7 2
                    6   1 4 2 1
                    7   4 4 7 2
                    8   1 7 1 2
                    9   4 5 10 1
                    10   1 5 9 2
                    11   3 5 6 1
                    12   3 8 0 1
                    13   1 3 6 1
                    14   4 5 1 1
                    15   4 1 1 1
                    16   2 1 5 1
                    17   3 1 10 2
                    18   3 3 8 1
                    19   3 1 8 1
                    20   2 3 3 1
                    21   1 8 9 1
                    22   4 5 0 1
                    23   3 3 1 1
                    24   4 8 10 1
                    25   4 2 10 2
                    26   4 8 2 2
                    27   2 7 6 1
                    28   4 4 1 2
                    29   3 2 5 1
                    30   3 3 8 2
                    31   3 2 0 1
                    32   3 7 1 2
                    33   3 6 5 2
                    34   3 8 2 2
                    35   2 6 9 2
                    36   2 8 4 1
                    37   3 7 1 1
                    38   1 4 10 1
                    39   2 5 5 1
                    40   4 6 0 2
                    41   3 8 10 1
                    42   2 7 2 1
                    43   2 6 2 1
                    44   3 1 8 1
                    45   1 5 1 1
                    46   1 1 8 2
                    47   3 6 3 2
                    48   2 8 4 1
                    49   1 8 0 1
                    50   4 7 0 1
                    51   3 1 1 1
                    52   4 6 0 2
                    53   1 7 4 2
                    54   3 4 6 2
                    55   3 5 9 2
                    56   4 1 1 2
                    57   3 6 8 2
                    58   2 8 10 2
                    59   2 3 2 2
                    60   2 1 8 2;
param nombreMachine := 5;
param capaciteRessource : 1 2 3 4 :=
                    1     7 15 17 4
                    2     6 10 16 8
                    3     7 16 13 7
                    4     7 13 12 8
                    5     7 13 20 6
end;

