data;
param nombreTypeRessource := 4;
param nombreJob := 60;
param job duree := 1 2 2 7 3 1 4 7 5 3 6 7 7 9 8 8 9 7 10 7 11 3 12 4 13 9 14 7 15 4 16 6 17 6 18 6 19 4 20 5 21 7 22 7 23 3 24 7 25 10 26 2 27 9 28 8 29 8 30 2 31 3 32 7 33 1 34 9 35 8 36 2 37 10 38 6 39 1 40 3 41 3 42 3 43 3 44 6 45 9 46 2 47 8 48 1 49 4 50 1 51 6 52 5 53 2 54 3 55 2 56 6 57 8 58 6 59 10 60 4;
param besoinRessource : 1 2 3 4 :=
                    1   3 6 8 2
                    2   2 7 5 1
                    3   3 1 7 2
                    4   3 1 4 2
                    5   2 5 1 2
                    6   3 1 1 2
                    7   3 5 3 2
                    8   4 2 4 1
                    9   4 6 7 1
                    10   1 8 9 1
                    11   3 7 6 2
                    12   1 8 9 2
                    13   4 2 5 2
                    14   1 5 9 1
                    15   4 5 0 1
                    16   4 4 8 2
                    17   4 2 5 2
                    18   3 1 0 1
                    19   3 4 5 2
                    20   2 1 4 1
                    21   4 4 3 1
                    22   3 3 7 1
                    23   3 5 4 1
                    24   2 8 7 2
                    25   1 5 8 2
                    26   2 2 7 1
                    27   2 5 10 2
                    28   2 3 5 2
                    29   2 7 10 2
                    30   1 4 6 1
                    31   3 7 10 1
                    32   2 4 2 2
                    33   3 7 0 2
                    34   1 5 2 1
                    35   2 4 7 2
                    36   3 7 3 2
                    37   4 2 5 2
                    38   3 4 9 2
                    39   4 8 10 1
                    40   3 5 3 1
                    41   4 7 8 2
                    42   2 6 2 1
                    43   2 6 6 1
                    44   1 2 0 2
                    45   2 1 6 2
                    46   1 4 2 2
                    47   3 4 7 1
                    48   4 7 1 2
                    49   3 5 8 2
                    50   4 1 1 2
                    51   2 8 8 1
                    52   3 1 2 2
                    53   4 6 6 2
                    54   4 5 1 2
                    55   1 8 8 1
                    56   2 7 1 2
                    57   2 4 1 2
                    58   2 1 8 1
                    59   4 7 0 1
                    60   1 8 5 2;
param nombreMachine := 5;
param capaciteRessource : 1 2 3 4 :=
                    1     7 14 18 8
                    2     7 14 18 8
                    3     8 12 12 6
                    4     8 16 17 6
                    5     6 14 12 8
end;

