data;
param nombreTypeRessource := 4;
param nombreJob := 60;
param job duree := 1 7 2 10 3 6 4 10 5 9 6 9 7 5 8 8 9 2 10 5 11 7 12 8 13 3 14 6 15 7 16 2 17 5 18 4 19 4 20 8 21 1 22 5 23 7 24 6 25 5 26 6 27 8 28 7 29 6 30 6 31 9 32 10 33 9 34 9 35 8 36 2 37 7 38 3 39 8 40 2 41 2 42 2 43 3 44 5 45 4 46 1 47 4 48 3 49 9 50 4 51 7 52 8 53 1 54 2 55 8 56 10 57 8 58 9 59 6 60 8;
param besoinRessource : 1 2 3 4 :=
                    1   3 7 10 2
                    2   2 3 5 1
                    3   1 6 4 2
                    4   1 7 6 1
                    5   1 6 7 1
                    6   4 5 6 2
                    7   3 6 0 2
                    8   4 6 7 2
                    9   1 4 0 2
                    10   2 6 4 2
                    11   4 4 5 1
                    12   3 8 10 2
                    13   4 3 9 2
                    14   1 2 4 2
                    15   3 8 1 1
                    16   4 7 7 2
                    17   1 3 0 2
                    18   2 8 1 1
                    19   4 1 8 1
                    20   4 1 1 1
                    21   2 8 0 1
                    22   4 7 0 1
                    23   4 6 4 1
                    24   3 2 5 1
                    25   1 3 0 2
                    26   1 2 0 2
                    27   4 5 4 2
                    28   4 7 9 2
                    29   4 1 10 2
                    30   1 3 10 2
                    31   1 3 2 2
                    32   3 1 6 1
                    33   3 3 5 1
                    34   3 2 9 2
                    35   3 2 10 2
                    36   2 7 7 1
                    37   1 7 10 2
                    38   1 3 1 2
                    39   4 1 0 1
                    40   3 3 3 1
                    41   3 4 0 1
                    42   2 8 3 2
                    43   1 3 0 1
                    44   3 3 10 1
                    45   4 6 7 2
                    46   4 6 3 1
                    47   1 4 1 1
                    48   2 2 2 2
                    49   4 8 10 2
                    50   2 8 8 1
                    51   2 5 9 1
                    52   2 4 4 1
                    53   1 6 10 1
                    54   4 7 5 2
                    55   3 4 3 1
                    56   1 1 8 1
                    57   1 8 7 2
                    58   4 7 6 2
                    59   1 8 0 1
                    60   3 2 6 1;
param nombreMachine := 5;
param capaciteRessource : 1 2 3 4 :=
                    1     8 16 20 4
                    2     7 12 20 4
                    3     8 12 20 6
                    4     8 12 17 6
                    5     8 11 13 6
end;

