data;
param nombreTypeRessource := 4;
param nombreJob := 60;
param job duree := 1 9 2 5 3 9 4 5 5 10 6 10 7 4 8 3 9 3 10 4 11 2 12 4 13 2 14 6 15 8 16 3 17 5 18 3 19 1 20 10 21 3 22 3 23 3 24 1 25 3 26 2 27 8 28 6 29 2 30 9 31 9 32 3 33 9 34 5 35 6 36 2 37 9 38 8 39 4 40 7 41 3 42 9 43 6 44 7 45 9 46 3 47 3 48 8 49 8 50 5 51 8 52 8 53 1 54 10 55 8 56 5 57 1 58 4 59 2 60 10;
param besoinRessource : 1 2 3 4 :=
                    1   2 1 0 1
                    2   2 7 0 1
                    3   4 3 0 1
                    4   2 1 2 2
                    5   3 3 1 2
                    6   3 3 7 1
                    7   4 8 2 2
                    8   3 4 5 1
                    9   4 8 1 1
                    10   3 2 10 2
                    11   1 7 0 2
                    12   1 8 8 1
                    13   3 1 3 2
                    14   2 4 1 1
                    15   4 1 3 2
                    16   4 7 10 2
                    17   2 4 7 1
                    18   4 5 1 2
                    19   4 1 10 1
                    20   2 3 9 2
                    21   1 3 8 2
                    22   1 2 2 2
                    23   2 3 2 1
                    24   3 7 9 1
                    25   3 6 6 1
                    26   4 7 7 1
                    27   4 4 5 1
                    28   3 8 8 1
                    29   2 3 5 1
                    30   2 2 5 2
                    31   3 4 6 1
                    32   1 2 2 1
                    33   3 4 1 2
                    34   2 1 3 2
                    35   2 2 2 1
                    36   1 5 6 2
                    37   1 3 4 2
                    38   4 7 8 1
                    39   1 2 4 1
                    40   4 8 2 2
                    41   3 3 4 2
                    42   3 8 0 1
                    43   4 8 3 2
                    44   1 4 9 1
                    45   4 4 5 1
                    46   3 4 9 2
                    47   4 8 8 1
                    48   1 6 2 2
                    49   4 8 10 2
                    50   1 8 9 1
                    51   3 3 1 1
                    52   4 6 1 1
                    53   3 8 5 2
                    54   3 8 7 2
                    55   4 2 10 1
                    56   4 5 7 1
                    57   1 3 7 1
                    58   2 4 2 1
                    59   2 6 3 2
                    60   3 7 8 1;
param nombreMachine := 5;
param capaciteRessource : 1 2 3 4 :=
                    1     8 10 12 7
                    2     7 11 12 4
                    3     6 10 19 6
                    4     6 10 16 6
                    5     6 13 13 7
end;

