data;
param nombreTypeRessource := 4;
param nombreJob := 60;
param job duree := 1 10 2 9 3 3 4 5 5 2 6 9 7 7 8 2 9 4 10 6 11 8 12 5 13 10 14 9 15 2 16 4 17 3 18 3 19 3 20 1 21 2 22 6 23 3 24 10 25 6 26 7 27 8 28 3 29 5 30 3 31 8 32 1 33 8 34 2 35 1 36 2 37 1 38 10 39 3 40 8 41 7 42 8 43 9 44 8 45 7 46 3 47 7 48 3 49 3 50 4 51 4 52 6 53 5 54 6 55 1 56 2 57 4 58 3 59 2 60 9;
param besoinRessource : 1 2 3 4 :=
                    1   3 5 0 1
                    2   4 1 7 1
                    3   2 3 9 2
                    4   1 1 6 1
                    5   3 3 7 2
                    6   3 1 0 2
                    7   2 5 6 1
                    8   1 4 2 1
                    9   4 4 4 1
                    10   2 3 0 1
                    11   4 6 5 2
                    12   1 7 2 1
                    13   3 1 1 1
                    14   4 7 5 1
                    15   3 3 5 1
                    16   1 5 5 1
                    17   4 3 2 2
                    18   3 2 3 1
                    19   3 8 3 2
                    20   3 2 2 2
                    21   4 4 7 2
                    22   4 5 1 2
                    23   2 6 2 2
                    24   3 6 2 2
                    25   3 5 10 2
                    26   4 2 9 2
                    27   4 7 3 1
                    28   3 3 2 2
                    29   4 1 6 2
                    30   3 7 2 2
                    31   3 7 0 2
                    32   1 1 4 2
                    33   4 7 7 1
                    34   1 2 9 2
                    35   1 3 2 1
                    36   4 5 1 1
                    37   3 7 6 2
                    38   4 5 9 2
                    39   4 1 6 1
                    40   2 8 4 1
                    41   4 4 7 2
                    42   1 2 0 1
                    43   1 5 5 1
                    44   4 5 10 1
                    45   2 5 0 1
                    46   3 4 1 1
                    47   4 4 5 1
                    48   3 1 8 1
                    49   2 5 2 2
                    50   1 1 7 1
                    51   4 5 7 1
                    52   4 5 5 2
                    53   1 4 1 1
                    54   1 4 1 1
                    55   2 4 10 2
                    56   2 8 10 1
                    57   2 1 2 2
                    58   2 6 8 2
                    59   1 8 4 2
                    60   4 1 6 2;
param nombreMachine := 5;
param capaciteRessource : 1 2 3 4 :=
                    1     6 12 16 7
                    2     6 15 16 8
                    3     7 14 15 6
                    4     6 14 15 5
                    5     7 14 13 7
end;

