data;
param nombreTypeRessource := 4;
param nombreJob := 60;
param job duree := 1 7 2 6 3 10 4 4 5 2 6 3 7 5 8 9 9 9 10 1 11 4 12 7 13 7 14 1 15 2 16 9 17 4 18 10 19 9 20 6 21 8 22 5 23 6 24 4 25 1 26 5 27 10 28 8 29 7 30 8 31 4 32 8 33 7 34 1 35 8 36 6 37 1 38 2 39 10 40 4 41 9 42 5 43 3 44 6 45 2 46 4 47 5 48 5 49 7 50 6 51 6 52 5 53 8 54 8 55 8 56 10 57 4 58 2 59 6 60 4;
param besoinRessource : 1 2 3 4 :=
                    1   1 7 0 2
                    2   2 8 1 2
                    3   3 3 1 1
                    4   4 7 10 1
                    5   1 1 2 2
                    6   1 8 3 1
                    7   1 2 2 1
                    8   2 7 2 2
                    9   4 5 10 1
                    10   4 8 4 1
                    11   3 2 10 2
                    12   1 7 5 2
                    13   2 4 4 2
                    14   3 1 10 1
                    15   2 7 1 2
                    16   2 7 10 1
                    17   3 7 8 1
                    18   1 6 1 1
                    19   2 2 5 1
                    20   4 3 2 1
                    21   2 6 0 1
                    22   1 2 9 1
                    23   4 8 3 2
                    24   4 5 1 1
                    25   2 2 0 2
                    26   1 8 3 1
                    27   4 1 2 2
                    28   1 8 9 2
                    29   4 4 10 1
                    30   1 8 2 1
                    31   2 3 9 1
                    32   4 5 6 1
                    33   1 6 9 1
                    34   3 4 8 2
                    35   4 1 7 1
                    36   4 3 3 2
                    37   2 2 3 1
                    38   4 6 7 2
                    39   1 4 4 2
                    40   4 8 4 2
                    41   3 1 8 2
                    42   4 7 3 1
                    43   1 6 1 1
                    44   1 6 9 2
                    45   3 8 3 1
                    46   2 5 0 1
                    47   1 8 2 2
                    48   3 4 7 2
                    49   1 3 3 2
                    50   4 4 6 1
                    51   2 8 10 1
                    52   4 5 7 2
                    53   4 5 2 1
                    54   3 4 9 2
                    55   2 5 2 1
                    56   1 5 9 2
                    57   1 4 9 2
                    58   4 8 2 1
                    59   3 3 9 2
                    60   1 4 7 2;
param nombreMachine := 5;
param capaciteRessource : 1 2 3 4 :=
                    1     8 16 14 6
                    2     7 16 18 8
                    3     8 14 14 8
                    4     7 10 17 7
                    5     8 14 17 6
end;

