data;
param nombreTypeRessource := 4;
param nombreJob := 60;
param job duree := 1 4 2 2 3 8 4 7 5 7 6 3 7 2 8 10 9 4 10 4 11 1 12 1 13 6 14 10 15 6 16 7 17 6 18 5 19 10 20 4 21 9 22 7 23 9 24 1 25 10 26 8 27 2 28 3 29 1 30 9 31 6 32 7 33 6 34 9 35 2 36 3 37 8 38 8 39 3 40 6 41 2 42 8 43 6 44 3 45 3 46 8 47 10 48 2 49 5 50 2 51 1 52 6 53 4 54 8 55 7 56 5 57 8 58 5 59 7 60 7;
param besoinRessource : 1 2 3 4 :=
                    1   4 8 6 1
                    2   2 1 1 2
                    3   1 3 8 2
                    4   4 6 9 1
                    5   4 1 6 2
                    6   3 4 4 2
                    7   1 4 7 1
                    8   4 8 1 2
                    9   3 5 0 1
                    10   1 2 9 1
                    11   2 3 5 1
                    12   3 4 9 1
                    13   3 7 7 1
                    14   3 6 10 2
                    15   4 3 0 2
                    16   3 1 7 1
                    17   4 4 6 1
                    18   2 8 5 2
                    19   4 4 1 1
                    20   3 7 1 1
                    21   1 5 6 1
                    22   3 1 5 1
                    23   2 1 10 1
                    24   2 6 8 2
                    25   4 5 10 1
                    26   2 2 0 2
                    27   4 6 0 1
                    28   2 5 9 1
                    29   4 1 4 2
                    30   3 4 10 1
                    31   4 2 4 2
                    32   3 3 0 2
                    33   4 1 3 2
                    34   4 2 2 2
                    35   4 1 0 1
                    36   3 1 8 2
                    37   4 1 9 1
                    38   3 7 6 1
                    39   4 6 7 1
                    40   1 4 1 1
                    41   2 7 9 2
                    42   3 8 0 2
                    43   2 2 2 1
                    44   3 1 7 2
                    45   2 1 1 1
                    46   2 3 1 2
                    47   4 7 8 2
                    48   4 7 2 1
                    49   4 6 1 1
                    50   4 7 9 2
                    51   3 7 8 2
                    52   3 8 6 1
                    53   4 6 7 1
                    54   3 3 10 2
                    55   1 5 1 2
                    56   4 8 5 2
                    57   1 4 0 2
                    58   4 2 7 2
                    59   4 6 7 1
                    60   2 4 4 2;
param nombreMachine := 5;
param capaciteRessource : 1 2 3 4 :=
                    1     7 10 14 4
                    2     7 14 13 8
                    3     7 10 18 7
                    4     7 14 19 6
                    5     6 11 20 5
end;

