data;
param nombreTypeRessource := 4;
param nombreJob := 60;
param job duree := 1 7 2 10 3 9 4 6 5 10 6 6 7 8 8 10 9 3 10 10 11 9 12 7 13 6 14 3 15 9 16 4 17 4 18 9 19 2 20 3 21 4 22 5 23 1 24 6 25 7 26 5 27 7 28 10 29 3 30 5 31 6 32 2 33 9 34 1 35 9 36 9 37 10 38 1 39 9 40 7 41 10 42 5 43 1 44 1 45 2 46 7 47 5 48 9 49 4 50 1 51 3 52 4 53 6 54 5 55 8 56 9 57 2 58 10 59 4 60 3;
param besoinRessource : 1 2 3 4 :=
                    1   4 7 3 2
                    2   1 6 10 2
                    3   3 7 6 2
                    4   4 5 4 1
                    5   1 1 1 1
                    6   1 6 10 2
                    7   1 7 2 2
                    8   3 8 6 1
                    9   4 2 5 1
                    10   1 2 6 2
                    11   4 3 7 2
                    12   2 5 5 1
                    13   4 3 0 2
                    14   1 5 6 1
                    15   4 1 3 2
                    16   4 2 10 2
                    17   4 2 3 1
                    18   4 8 0 1
                    19   1 2 3 2
                    20   1 7 4 2
                    21   2 6 1 1
                    22   2 5 6 1
                    23   3 1 5 2
                    24   3 6 10 1
                    25   3 4 9 2
                    26   3 3 0 2
                    27   1 8 7 1
                    28   3 4 6 1
                    29   3 8 9 2
                    30   1 7 2 1
                    31   2 3 3 2
                    32   1 7 0 1
                    33   3 7 9 1
                    34   2 8 0 2
                    35   4 2 9 1
                    36   3 2 0 1
                    37   4 4 8 1
                    38   4 3 1 1
                    39   2 4 3 2
                    40   3 6 1 2
                    41   4 6 8 2
                    42   3 3 6 1
                    43   1 1 7 2
                    44   3 4 3 2
                    45   4 6 4 2
                    46   1 4 10 2
                    47   4 4 8 2
                    48   1 3 3 1
                    49   2 2 7 2
                    50   3 3 5 2
                    51   4 7 4 1
                    52   3 5 5 2
                    53   4 3 8 1
                    54   3 6 8 2
                    55   1 1 2 2
                    56   3 3 1 2
                    57   2 6 8 2
                    58   3 8 10 1
                    59   2 4 1 1
                    60   4 6 6 1;
param nombreMachine := 5;
param capaciteRessource : 1 2 3 4 :=
                    1     6 15 20 4
                    2     8 11 18 8
                    3     6 14 18 5
                    4     6 13 16 6
                    5     7 12 17 7
end;

