data;
param nombreTypeRessource := 4;
param nombreJob := 60;
param job duree := 1 3 2 2 3 9 4 2 5 9 6 5 7 10 8 4 9 7 10 4 11 10 12 5 13 10 14 5 15 10 16 3 17 10 18 3 19 6 20 2 21 1 22 7 23 10 24 9 25 10 26 1 27 7 28 6 29 7 30 8 31 5 32 7 33 10 34 10 35 1 36 2 37 7 38 3 39 10 40 10 41 7 42 1 43 5 44 7 45 6 46 9 47 8 48 4 49 7 50 10 51 8 52 8 53 6 54 9 55 1 56 9 57 7 58 1 59 2 60 1;
param besoinRessource : 1 2 3 4 :=
                    1   4 8 5 2
                    2   3 6 5 1
                    3   4 6 5 1
                    4   4 8 2 2
                    5   1 4 10 2
                    6   4 5 3 2
                    7   1 1 9 1
                    8   4 5 2 2
                    9   4 2 1 1
                    10   3 6 9 1
                    11   4 4 9 2
                    12   1 5 6 2
                    13   1 8 10 1
                    14   2 7 2 1
                    15   3 3 7 1
                    16   2 1 9 2
                    17   4 8 6 2
                    18   2 4 1 2
                    19   2 6 9 1
                    20   4 4 5 1
                    21   2 5 10 2
                    22   3 7 7 2
                    23   2 8 7 2
                    24   2 1 9 1
                    25   1 7 8 1
                    26   3 4 2 1
                    27   4 3 6 1
                    28   3 2 0 1
                    29   2 2 3 2
                    30   2 1 5 2
                    31   2 5 9 2
                    32   4 8 6 2
                    33   3 6 8 1
                    34   4 6 7 2
                    35   4 4 2 1
                    36   3 2 9 2
                    37   1 5 1 2
                    38   1 4 6 2
                    39   2 3 0 1
                    40   3 3 10 2
                    41   1 5 3 1
                    42   3 1 9 1
                    43   1 6 8 2
                    44   3 6 10 1
                    45   1 6 4 1
                    46   3 4 5 2
                    47   2 3 0 1
                    48   4 5 8 2
                    49   4 6 8 1
                    50   3 6 10 1
                    51   1 6 5 1
                    52   2 8 8 1
                    53   1 7 7 2
                    54   3 4 3 2
                    55   2 4 2 2
                    56   3 1 10 2
                    57   3 7 1 1
                    58   3 6 7 1
                    59   2 1 10 2
                    60   1 4 0 1;
param nombreMachine := 5;
param capaciteRessource : 1 2 3 4 :=
                    1     7 12 15 6
                    2     6 11 14 4
                    3     7 13 20 8
                    4     8 13 13 8
                    5     8 16 18 4
end;

