data;
param nombreTypeRessource := 4;
param nombreJob := 30;
param job duree := 1 10 2 3 3 8 4 2 5 9 6 9 7 3 8 2 9 9 10 1 11 6 12 7 13 9 14 10 15 2 16 8 17 7 18 5 19 9 20 8 21 8 22 5 23 9 24 8 25 3 26 6 27 10 28 3 29 2 30 5;
param besoinRessource : 1 2 3 4 :=
                    1   3 1 5 2
                    2   3 8 7 1
                    3   4 8 9 2
                    4   2 2 8 2
                    5   3 8 10 1
                    6   3 2 2 1
                    7   2 2 3 2
                    8   3 5 3 1
                    9   3 8 0 1
                    10   2 5 7 1
                    11   1 7 1 1
                    12   4 4 3 2
                    13   4 1 5 2
                    14   4 7 2 1
                    15   2 3 4 2
                    16   3 7 8 2
                    17   3 8 5 2
                    18   4 1 5 1
                    19   4 8 2 1
                    20   2 4 0 2
                    21   2 6 2 2
                    22   3 1 2 1
                    23   3 4 5 2
                    24   1 5 8 2
                    25   2 3 3 1
                    26   1 4 10 1
                    27   1 5 6 2
                    28   4 5 6 1
                    29   1 8 4 2
                    30   2 2 6 2;
param nombreMachine := 5;
param capaciteRessource : 1 2 3 4 :=
                    1     6 12 16 6
                    2     8 14 13 8
                    3     8 14 17 4
                    4     8 16 19 6
                    5     7 12 15 5
end;

