data;
param nombreTypeRessource := 4;
param nombreJob := 30;
param job duree := 1 7 2 7 3 8 4 3 5 3 6 5 7 8 8 2 9 3 10 8 11 1 12 2 13 5 14 9 15 9 16 1 17 6 18 8 19 7 20 1 21 6 22 1 23 10 24 10 25 4 26 6 27 7 28 9 29 10 30 6;
param besoinRessource : 1 2 3 4 :=
                    1   4 2 8 2
                    2   2 6 0 1
                    3   3 2 10 2
                    4   3 5 4 1
                    5   3 2 0 2
                    6   2 8 2 2
                    7   1 7 9 2
                    8   1 5 4 2
                    9   1 4 6 1
                    10   4 5 10 1
                    11   3 7 1 1
                    12   1 8 7 1
                    13   4 3 1 2
                    14   2 4 8 1
                    15   4 1 4 2
                    16   4 3 0 2
                    17   2 4 10 2
                    18   1 4 10 1
                    19   4 2 6 2
                    20   2 3 4 2
                    21   1 3 6 1
                    22   3 5 3 2
                    23   2 8 5 2
                    24   2 4 7 1
                    25   1 8 9 1
                    26   4 4 10 1
                    27   3 1 2 1
                    28   2 2 1 1
                    29   1 7 2 1
                    30   2 5 6 2;
param nombreMachine := 5;
param capaciteRessource : 1 2 3 4 :=
                    1     7 14 16 4
                    2     7 10 15 6
                    3     6 16 17 5
                    4     6 10 12 4
                    5     7 10 20 8
end;

