data;
param nombreTypeRessource := 4;
param nombreJob := 30;
param job duree := 1 6 2 3 3 3 4 10 5 1 6 3 7 3 8 6 9 2 10 8 11 8 12 2 13 7 14 6 15 1 16 9 17 10 18 5 19 9 20 6 21 3 22 2 23 1 24 7 25 10 26 4 27 9 28 1 29 7 30 8;
param besoinRessource : 1 2 3 4 :=
                    1   4 1 1 2
                    2   1 4 6 2
                    3   4 4 3 2
                    4   2 5 5 2
                    5   1 4 6 1
                    6   1 7 4 2
                    7   4 4 3 2
                    8   4 4 9 1
                    9   3 1 7 1
                    10   4 8 10 2
                    11   2 7 1 1
                    12   3 6 7 1
                    13   3 8 5 2
                    14   1 2 7 1
                    15   4 2 2 2
                    16   1 5 5 2
                    17   1 7 3 1
                    18   2 6 1 2
                    19   1 4 9 2
                    20   2 3 10 2
                    21   2 8 0 2
                    22   2 7 8 1
                    23   4 3 6 2
                    24   4 2 2 1
                    25   2 5 2 2
                    26   4 7 9 1
                    27   2 5 6 2
                    28   4 8 1 2
                    29   2 8 3 2
                    30   4 7 6 1;
param nombreMachine := 5;
param capaciteRessource : 1 2 3 4 :=
                    1     8 10 12 4
                    2     6 15 20 7
                    3     6 11 16 4
                    4     8 13 17 4
                    5     7 11 19 7
end;

