data;
param nombreTypeRessource := 4;
param nombreJob := 30;
param job duree := 1 10 2 10 3 3 4 4 5 1 6 7 7 3 8 8 9 6 10 4 11 7 12 7 13 3 14 6 15 10 16 10 17 10 18 2 19 10 20 6 21 7 22 8 23 6 24 10 25 8 26 4 27 6 28 3 29 10 30 10;
param besoinRessource : 1 2 3 4 :=
                    1   4 5 9 1
                    2   4 5 3 2
                    3   2 5 6 1
                    4   1 6 1 1
                    5   2 2 0 2
                    6   1 1 6 2
                    7   4 5 0 2
                    8   2 7 6 2
                    9   1 5 4 2
                    10   2 3 6 2
                    11   3 5 9 2
                    12   2 6 9 2
                    13   2 2 7 1
                    14   2 8 5 1
                    15   1 8 3 1
                    16   4 5 5 1
                    17   4 5 7 2
                    18   1 1 8 1
                    19   4 8 7 2
                    20   2 1 2 2
                    21   1 8 5 2
                    22   2 1 2 2
                    23   3 7 3 1
                    24   3 8 7 1
                    25   1 8 1 2
                    26   1 1 7 1
                    27   1 5 0 2
                    28   4 1 9 2
                    29   3 6 9 1
                    30   4 4 0 1;
param nombreMachine := 5;
param capaciteRessource : 1 2 3 4 :=
                    1     8 16 14 5
                    2     7 11 16 4
                    3     6 11 15 5
                    4     8 11 17 6
                    5     8 16 15 8
end;

