data;
param nombreTypeRessource := 4;
param nombreJob := 30;
param job duree := 1 3 2 2 3 5 4 5 5 8 6 1 7 4 8 4 9 5 10 9 11 2 12 6 13 9 14 5 15 5 16 9 17 7 18 4 19 7 20 4 21 9 22 9 23 4 24 2 25 6 26 4 27 3 28 6 29 7 30 10;
param besoinRessource : 1 2 3 4 :=
                    1   1 7 2 2
                    2   1 6 7 1
                    3   4 8 6 2
                    4   2 4 5 2
                    5   1 1 2 2
                    6   3 5 2 1
                    7   4 8 6 2
                    8   4 3 4 1
                    9   1 1 1 2
                    10   2 2 3 2
                    11   1 6 8 2
                    12   2 8 5 2
                    13   2 3 9 1
                    14   4 4 7 1
                    15   1 7 4 2
                    16   3 5 8 1
                    17   2 7 6 1
                    18   3 8 0 1
                    19   1 8 0 2
                    20   2 1 6 2
                    21   4 3 6 1
                    22   2 1 2 2
                    23   1 6 10 1
                    24   4 7 6 1
                    25   4 6 4 1
                    26   2 7 2 1
                    27   1 7 3 1
                    28   4 6 1 1
                    29   2 6 2 1
                    30   4 4 4 2;
param nombreMachine := 5;
param capaciteRessource : 1 2 3 4 :=
                    1     8 14 12 7
                    2     6 15 18 8
                    3     6 14 15 6
                    4     7 15 13 8
                    5     7 11 14 7
end;

