data;
param nombreTypeRessource := 4;
param nombreJob := 30;
param job duree := 1 6 2 7 3 9 4 10 5 2 6 5 7 6 8 4 9 7 10 8 11 6 12 5 13 10 14 1 15 5 16 7 17 9 18 2 19 2 20 9 21 5 22 4 23 2 24 3 25 2 26 4 27 3 28 1 29 3 30 7;
param besoinRessource : 1 2 3 4 :=
                    1   4 1 5 1
                    2   2 7 7 1
                    3   2 4 0 2
                    4   1 2 8 1
                    5   2 1 7 1
                    6   2 7 9 2
                    7   2 6 8 1
                    8   3 5 3 1
                    9   4 1 0 1
                    10   2 1 5 1
                    11   4 6 2 2
                    12   3 3 6 1
                    13   3 3 5 1
                    14   2 8 4 1
                    15   4 2 8 2
                    16   4 6 7 2
                    17   2 5 0 2
                    18   1 5 2 1
                    19   1 5 4 2
                    20   4 2 9 1
                    21   4 5 7 2
                    22   2 6 2 1
                    23   2 4 10 1
                    24   2 6 3 2
                    25   1 3 2 1
                    26   4 3 1 2
                    27   4 4 7 2
                    28   2 4 7 2
                    29   1 7 0 2
                    30   2 2 2 2;
param nombreMachine := 5;
param capaciteRessource : 1 2 3 4 :=
                    1     6 12 14 7
                    2     7 14 17 8
                    3     7 13 14 5
                    4     7 14 17 4
                    5     8 11 17 8
end;

