data;
param nombreTypeRessource := 4;
param nombreJob := 30;
param job duree := 1 2 2 3 3 7 4 2 5 2 6 2 7 6 8 6 9 10 10 8 11 10 12 7 13 6 14 6 15 10 16 3 17 5 18 2 19 1 20 9 21 5 22 5 23 7 24 7 25 1 26 6 27 8 28 7 29 5 30 3;
param besoinRessource : 1 2 3 4 :=
                    1   2 3 7 2
                    2   3 3 2 2
                    3   2 2 9 1
                    4   1 8 9 1
                    5   1 3 7 1
                    6   1 4 0 1
                    7   3 6 7 1
                    8   3 2 4 2
                    9   2 6 2 1
                    10   2 4 3 2
                    11   4 1 4 1
                    12   4 3 4 1
                    13   3 5 0 2
                    14   1 6 2 1
                    15   3 2 6 2
                    16   2 3 7 2
                    17   4 7 10 1
                    18   3 8 5 1
                    19   2 6 0 1
                    20   1 7 4 1
                    21   1 8 7 1
                    22   4 5 3 2
                    23   3 5 3 1
                    24   3 2 10 1
                    25   1 6 3 2
                    26   3 5 2 2
                    27   4 6 6 2
                    28   3 3 5 1
                    29   1 8 7 1
                    30   3 3 9 1;
param nombreMachine := 5;
param capaciteRessource : 1 2 3 4 :=
                    1     7 10 17 7
                    2     6 10 19 7
                    3     8 12 16 7
                    4     8 14 19 8
                    5     7 15 18 5
end;

