data;
param nombreTypeRessource := 4;
param nombreJob := 30;
param job duree := 1 1 2 5 3 4 4 6 5 8 6 2 7 10 8 7 9 4 10 2 11 4 12 3 13 10 14 4 15 4 16 2 17 1 18 6 19 6 20 1 21 6 22 7 23 8 24 8 25 5 26 4 27 8 28 8 29 4 30 8;
param besoinRessource : 1 2 3 4 :=
                    1   4 7 10 2
                    2   4 3 8 2
                    3   1 2 8 2
                    4   1 3 10 2
                    5   4 2 4 2
                    6   3 5 9 2
                    7   4 6 9 2
                    8   4 8 9 1
                    9   3 2 8 2
                    10   4 1 1 1
                    11   1 8 2 2
                    12   2 4 3 1
                    13   1 6 5 1
                    14   3 2 1 2
                    15   1 4 3 1
                    16   1 7 1 1
                    17   4 2 4 2
                    18   4 6 1 2
                    19   1 8 5 1
                    20   3 6 6 2
                    21   4 8 0 2
                    22   3 1 0 1
                    23   4 4 4 1
                    24   4 1 6 1
                    25   4 1 8 2
                    26   4 3 2 1
                    27   4 6 2 1
                    28   2 1 3 1
                    29   1 2 3 1
                    30   3 1 8 2;
param nombreMachine := 5;
param capaciteRessource : 1 2 3 4 :=
                    1     7 16 17 4
                    2     7 13 18 7
                    3     8 12 19 6
                    4     6 10 16 8
                    5     7 12 15 8
end;

