data;
param nombreTypeRessource := 4;
param nombreJob := 30;
param job duree := 1 4 2 10 3 4 4 9 5 4 6 1 7 10 8 8 9 8 10 10 11 8 12 6 13 3 14 2 15 4 16 8 17 1 18 8 19 3 20 10 21 10 22 10 23 1 24 3 25 10 26 10 27 7 28 7 29 9 30 6;
param besoinRessource : 1 2 3 4 :=
                    1   4 4 7 2
                    2   1 7 2 2
                    3   4 6 4 1
                    4   4 5 6 2
                    5   4 6 2 2
                    6   2 4 0 1
                    7   3 5 8 1
                    8   2 1 0 1
                    9   2 7 0 2
                    10   3 2 1 2
                    11   1 2 6 1
                    12   1 1 8 2
                    13   1 5 7 2
                    14   2 7 0 1
                    15   4 8 5 1
                    16   4 6 4 2
                    17   1 4 6 1
                    18   4 2 10 1
                    19   4 1 9 2
                    20   1 1 7 1
                    21   3 7 9 1
                    22   1 2 6 1
                    23   2 7 0 2
                    24   2 6 4 1
                    25   3 2 6 1
                    26   2 4 5 1
                    27   1 5 10 2
                    28   2 1 3 2
                    29   3 3 1 2
                    30   3 4 4 1;
param nombreMachine := 5;
param capaciteRessource : 1 2 3 4 :=
                    1     8 12 18 7
                    2     6 14 16 7
                    3     7 14 13 5
                    4     6 11 14 4
                    5     6 13 17 6
end;

