data;
param nombreTypeRessource := 4;
param nombreJob := 30;
param job duree := 1 3 2 9 3 8 4 9 5 10 6 8 7 2 8 3 9 4 10 5 11 4 12 2 13 7 14 4 15 6 16 2 17 10 18 2 19 7 20 8 21 3 22 9 23 8 24 3 25 6 26 1 27 7 28 5 29 3 30 1;
param besoinRessource : 1 2 3 4 :=
                    1   4 4 9 2
                    2   2 6 7 1
                    3   2 1 7 2
                    4   1 7 4 2
                    5   3 8 1 1
                    6   4 5 6 2
                    7   3 2 5 1
                    8   1 3 6 1
                    9   1 5 4 1
                    10   4 5 2 1
                    11   3 3 6 2
                    12   3 7 6 1
                    13   4 5 9 2
                    14   4 6 10 2
                    15   2 3 6 2
                    16   3 1 8 1
                    17   2 8 0 2
                    18   4 7 8 2
                    19   4 3 2 1
                    20   3 8 1 2
                    21   1 4 4 2
                    22   4 6 4 1
                    23   2 6 6 2
                    24   2 5 6 2
                    25   1 4 7 1
                    26   2 5 1 2
                    27   3 4 5 1
                    28   3 6 10 2
                    29   3 8 0 2
                    30   4 1 9 2;
param nombreMachine := 5;
param capaciteRessource : 1 2 3 4 :=
                    1     6 15 18 7
                    2     7 13 14 5
                    3     6 14 20 6
                    4     6 13 16 6
                    5     8 12 18 7
end;

