data;
param nombreTypeRessource := 4;
param nombreJob := 30;
param job duree := 1 10 2 8 3 10 4 6 5 5 6 6 7 3 8 2 9 6 10 2 11 4 12 6 13 6 14 1 15 6 16 7 17 7 18 2 19 7 20 1 21 7 22 5 23 6 24 5 25 10 26 2 27 1 28 3 29 1 30 4;
param besoinRessource : 1 2 3 4 :=
                    1   4 7 3 1
                    2   1 1 1 1
                    3   2 6 6 1
                    4   3 4 1 1
                    5   3 3 9 2
                    6   2 8 8 1
                    7   1 8 0 1
                    8   2 6 7 2
                    9   3 3 1 1
                    10   3 7 8 1
                    11   3 2 5 2
                    12   4 2 5 2
                    13   3 6 7 2
                    14   4 1 10 2
                    15   3 7 2 1
                    16   3 7 1 2
                    17   1 4 9 2
                    18   1 7 0 1
                    19   4 7 1 2
                    20   1 8 6 2
                    21   1 3 7 2
                    22   4 1 6 2
                    23   4 4 3 1
                    24   3 8 5 2
                    25   4 7 5 2
                    26   1 7 3 2
                    27   4 3 8 1
                    28   3 7 4 2
                    29   4 7 9 1
                    30   1 7 6 2;
param nombreMachine := 5;
param capaciteRessource : 1 2 3 4 :=
                    1     8 16 18 5
                    2     7 15 18 7
                    3     8 14 16 5
                    4     6 11 16 7
                    5     8 13 20 4
end;

