data;
param nombreTypeRessource := 4;
param nombreJob := 30;
param job duree := 1 7 2 2 3 6 4 10 5 2 6 9 7 2 8 2 9 3 10 8 11 6 12 10 13 10 14 10 15 3 16 2 17 7 18 5 19 8 20 5 21 6 22 1 23 6 24 4 25 4 26 6 27 2 28 10 29 9 30 3;
param besoinRessource : 1 2 3 4 :=
                    1   1 8 8 2
                    2   2 8 8 1
                    3   2 6 0 1
                    4   3 2 7 2
                    5   1 8 2 1
                    6   2 5 10 1
                    7   1 5 5 1
                    8   4 7 8 2
                    9   4 2 8 2
                    10   2 1 2 2
                    11   1 5 10 2
                    12   3 8 3 2
                    13   1 4 10 2
                    14   1 3 10 1
                    15   4 8 3 1
                    16   3 1 8 1
                    17   1 8 2 2
                    18   2 7 9 2
                    19   1 4 4 1
                    20   2 5 5 1
                    21   2 7 7 1
                    22   4 3 4 1
                    23   3 3 10 1
                    24   4 4 1 2
                    25   2 6 5 1
                    26   1 4 4 2
                    27   4 1 9 1
                    28   3 8 2 2
                    29   1 3 0 2
                    30   4 1 5 2;
param nombreMachine := 5;
param capaciteRessource : 1 2 3 4 :=
                    1     8 16 13 4
                    2     6 13 13 5
                    3     6 15 14 8
                    4     8 15 17 4
                    5     8 10 12 5
end;

