data;
param nombreTypeRessource := 4;
param nombreJob := 30;
param job duree := 1 9 2 3 3 9 4 3 5 1 6 3 7 10 8 6 9 3 10 1 11 6 12 3 13 4 14 1 15 6 16 10 17 6 18 7 19 1 20 10 21 1 22 3 23 4 24 3 25 8 26 9 27 7 28 8 29 8 30 2;
param besoinRessource : 1 2 3 4 :=
                    1   4 7 6 2
                    2   4 2 2 1
                    3   2 1 0 1
                    4   1 1 7 1
                    5   3 1 4 2
                    6   3 4 0 1
                    7   2 7 9 1
                    8   4 4 7 1
                    9   1 7 3 1
                    10   2 1 2 2
                    11   3 5 9 1
                    12   1 7 3 2
                    13   3 7 2 2
                    14   2 5 0 1
                    15   4 2 6 2
                    16   1 7 7 1
                    17   2 5 0 2
                    18   2 3 10 1
                    19   1 5 6 1
                    20   1 7 3 2
                    21   1 6 5 2
                    22   3 3 10 1
                    23   1 1 3 1
                    24   1 3 6 1
                    25   3 3 7 1
                    26   2 2 7 1
                    27   3 2 5 1
                    28   2 1 6 2
                    29   1 8 2 2
                    30   1 6 0 2;
param nombreMachine := 5;
param capaciteRessource : 1 2 3 4 :=
                    1     6 13 14 7
                    2     7 15 15 6
                    3     7 12 16 7
                    4     8 16 20 7
                    5     8 13 19 7
end;

