data;
param nombreTypeRessource := 4;
param nombreJob := 30;
param job duree := 1 8 2 9 3 4 4 10 5 9 6 5 7 1 8 3 9 4 10 4 11 8 12 6 13 1 14 3 15 10 16 10 17 7 18 1 19 1 20 6 21 4 22 6 23 4 24 7 25 5 26 6 27 7 28 5 29 9 30 6;
param besoinRessource : 1 2 3 4 :=
                    1   4 1 8 1
                    2   3 2 9 1
                    3   4 3 10 1
                    4   1 6 2 2
                    5   3 6 0 2
                    6   4 7 10 2
                    7   1 8 3 1
                    8   1 5 5 2
                    9   3 3 2 1
                    10   4 1 2 2
                    11   2 5 10 2
                    12   1 4 3 1
                    13   1 7 6 1
                    14   1 1 3 1
                    15   1 5 6 1
                    16   4 7 1 1
                    17   3 1 5 2
                    18   1 6 1 2
                    19   3 5 5 2
                    20   4 6 2 2
                    21   1 5 10 1
                    22   3 7 2 1
                    23   1 5 3 2
                    24   1 8 8 1
                    25   4 5 9 1
                    26   2 1 3 2
                    27   3 1 0 1
                    28   4 8 6 1
                    29   2 7 9 1
                    30   3 1 6 1;
param nombreMachine := 5;
param capaciteRessource : 1 2 3 4 :=
                    1     7 11 13 6
                    2     8 15 16 7
                    3     6 12 14 7
                    4     6 10 17 8
                    5     7 12 16 4
end;

