data;
param nombreTypeRessource := 4;
param nombreJob := 30;
param job duree := 1 6 2 10 3 9 4 10 5 3 6 5 7 6 8 7 9 2 10 3 11 7 12 6 13 10 14 1 15 10 16 3 17 1 18 9 19 4 20 9 21 8 22 2 23 9 24 9 25 7 26 7 27 1 28 8 29 7 30 8;
param besoinRessource : 1 2 3 4 :=
                    1   2 1 2 1
                    2   4 3 1 1
                    3   4 5 0 1
                    4   3 4 3 1
                    5   4 2 6 2
                    6   2 6 3 2
                    7   3 7 2 2
                    8   4 2 5 1
                    9   3 1 10 2
                    10   2 4 2 2
                    11   4 1 10 1
                    12   3 4 5 2
                    13   4 7 7 2
                    14   4 3 4 2
                    15   3 6 9 1
                    16   3 7 2 2
                    17   4 2 1 1
                    18   1 4 2 1
                    19   4 7 8 1
                    20   1 1 7 2
                    21   3 3 0 1
                    22   3 6 7 2
                    23   4 4 2 1
                    24   2 6 6 2
                    25   1 2 7 1
                    26   1 3 6 1
                    27   2 1 5 2
                    28   4 1 8 2
                    29   4 2 2 1
                    30   1 8 9 2;
param nombreMachine := 5;
param capaciteRessource : 1 2 3 4 :=
                    1     7 10 18 4
                    2     8 10 13 8
                    3     7 10 18 4
                    4     8 16 19 6
                    5     6 11 15 6
end;

