data;
param nombreTypeRessource := 4;
param nombreJob := 30;
param job duree := 1 6 2 4 3 4 4 4 5 3 6 8 7 6 8 2 9 9 10 6 11 9 12 5 13 4 14 8 15 8 16 4 17 4 18 3 19 5 20 4 21 1 22 2 23 4 24 1 25 8 26 5 27 9 28 4 29 2 30 5;
param besoinRessource : 1 2 3 4 :=
                    1   2 6 9 2
                    2   1 7 10 1
                    3   1 4 0 2
                    4   4 5 0 1
                    5   1 4 0 2
                    6   1 1 6 1
                    7   2 2 6 1
                    8   3 1 3 1
                    9   3 2 5 2
                    10   3 1 0 2
                    11   4 5 2 1
                    12   1 7 4 2
                    13   2 2 10 2
                    14   3 3 1 2
                    15   1 7 10 2
                    16   4 2 6 2
                    17   1 1 4 1
                    18   1 6 10 1
                    19   4 5 8 1
                    20   2 7 6 2
                    21   1 6 3 1
                    22   1 1 6 2
                    23   2 8 0 1
                    24   4 2 2 2
                    25   1 1 3 2
                    26   3 3 1 1
                    27   3 5 4 2
                    28   4 2 2 2
                    29   1 5 8 1
                    30   3 3 3 1;
param nombreMachine := 5;
param capaciteRessource : 1 2 3 4 :=
                    1     8 14 15 7
                    2     7 15 20 6
                    3     7 15 16 7
                    4     8 11 19 8
                    5     7 11 15 7
end;

