data;
param nombreTypeRessource := 4;
param nombreJob := 30;
param job duree := 1 4 2 4 3 10 4 2 5 2 6 10 7 4 8 1 9 9 10 9 11 2 12 6 13 10 14 8 15 3 16 2 17 2 18 2 19 7 20 3 21 10 22 10 23 2 24 6 25 8 26 5 27 1 28 6 29 8 30 5;
param besoinRessource : 1 2 3 4 :=
                    1   4 6 7 2
                    2   1 7 9 1
                    3   1 2 5 1
                    4   3 3 0 1
                    5   2 1 7 1
                    6   2 1 0 2
                    7   1 6 10 2
                    8   1 4 8 1
                    9   2 3 2 1
                    10   3 5 10 2
                    11   1 7 0 1
                    12   2 6 1 1
                    13   3 7 7 2
                    14   1 5 5 2
                    15   1 2 3 2
                    16   3 1 7 1
                    17   4 8 8 1
                    18   4 8 9 1
                    19   2 2 5 2
                    20   2 3 9 2
                    21   1 3 10 1
                    22   2 7 7 1
                    23   2 7 6 1
                    24   1 8 7 2
                    25   3 6 9 2
                    26   2 6 4 2
                    27   3 2 7 1
                    28   1 7 5 1
                    29   3 7 8 1
                    30   3 1 0 2;
param nombreMachine := 5;
param capaciteRessource : 1 2 3 4 :=
                    1     8 15 15 7
                    2     8 11 13 8
                    3     7 16 16 8
                    4     6 14 19 8
                    5     8 13 12 6
end;

