data;
param nombreTypeRessource := 4;
param nombreJob := 30;
param job duree := 1 5 2 3 3 5 4 8 5 6 6 7 7 1 8 10 9 1 10 3 11 2 12 9 13 7 14 2 15 9 16 3 17 10 18 1 19 3 20 10 21 6 22 3 23 7 24 10 25 6 26 2 27 8 28 9 29 8 30 10;
param besoinRessource : 1 2 3 4 :=
                    1   2 1 8 1
                    2   2 2 6 2
                    3   1 4 3 2
                    4   2 2 8 1
                    5   1 4 1 1
                    6   2 2 3 2
                    7   1 4 5 1
                    8   4 5 4 1
                    9   4 3 1 1
                    10   2 6 9 2
                    11   3 6 8 1
                    12   1 8 4 2
                    13   2 1 8 1
                    14   4 4 9 1
                    15   1 7 7 1
                    16   2 2 10 2
                    17   4 3 1 1
                    18   2 6 6 1
                    19   1 8 9 2
                    20   1 7 1 2
                    21   2 8 10 2
                    22   3 6 8 2
                    23   4 5 2 2
                    24   1 4 5 2
                    25   4 2 10 2
                    26   1 8 6 1
                    27   4 6 3 1
                    28   4 5 2 2
                    29   3 1 0 1
                    30   2 8 8 2;
param nombreMachine := 5;
param capaciteRessource : 1 2 3 4 :=
                    1     7 12 20 8
                    2     8 14 20 4
                    3     8 15 13 4
                    4     8 13 14 6
                    5     6 14 18 4
end;

