data;
param nombreTypeRessource := 4;
param nombreJob := 30;
param job duree := 1 3 2 2 3 1 4 10 5 10 6 5 7 7 8 3 9 7 10 9 11 6 12 10 13 2 14 4 15 9 16 5 17 3 18 2 19 10 20 6 21 2 22 8 23 5 24 2 25 5 26 3 27 8 28 8 29 4 30 9;
param besoinRessource : 1 2 3 4 :=
                    1   1 1 3 2
                    2   1 5 8 1
                    3   2 5 8 2
                    4   4 2 4 2
                    5   1 5 8 2
                    6   4 8 4 2
                    7   1 7 9 2
                    8   1 8 1 1
                    9   3 7 4 2
                    10   3 8 1 2
                    11   2 1 0 2
                    12   2 2 10 2
                    13   2 2 7 1
                    14   3 5 0 2
                    15   4 2 1 2
                    16   3 7 3 2
                    17   3 7 3 1
                    18   4 3 9 2
                    19   3 7 6 1
                    20   3 2 9 2
                    21   4 6 2 2
                    22   2 2 9 2
                    23   2 3 2 2
                    24   3 1 10 1
                    25   3 1 8 2
                    26   1 6 3 1
                    27   1 6 5 1
                    28   3 3 1 2
                    29   1 7 1 1
                    30   3 8 6 2;
param nombreMachine := 5;
param capaciteRessource : 1 2 3 4 :=
                    1     6 12 16 8
                    2     8 15 12 8
                    3     8 11 13 6
                    4     7 15 15 6
                    5     7 16 19 8
end;

