data;
param nombreTypeRessource := 4;
param nombreJob := 30;
param job duree := 1 8 2 3 3 10 4 8 5 2 6 3 7 9 8 7 9 9 10 8 11 5 12 1 13 5 14 8 15 10 16 8 17 9 18 6 19 7 20 3 21 9 22 5 23 4 24 9 25 3 26 1 27 8 28 10 29 4 30 2;
param besoinRessource : 1 2 3 4 :=
                    1   4 8 9 2
                    2   3 5 8 1
                    3   3 4 2 2
                    4   4 1 6 2
                    5   3 5 0 1
                    6   3 3 0 2
                    7   2 4 0 1
                    8   4 7 9 2
                    9   3 1 8 2
                    10   3 8 8 2
                    11   1 3 4 2
                    12   2 8 5 2
                    13   1 8 9 1
                    14   4 3 4 2
                    15   2 6 9 2
                    16   2 2 6 2
                    17   4 4 8 1
                    18   3 4 9 1
                    19   2 4 0 1
                    20   3 8 0 2
                    21   1 5 4 1
                    22   1 1 5 2
                    23   1 5 8 1
                    24   2 2 10 2
                    25   3 6 10 1
                    26   1 7 8 2
                    27   1 2 4 1
                    28   2 3 5 2
                    29   1 6 10 2
                    30   4 1 0 2;
param nombreMachine := 5;
param capaciteRessource : 1 2 3 4 :=
                    1     8 16 12 7
                    2     7 12 17 4
                    3     7 13 14 8
                    4     8 16 18 5
                    5     8 12 16 8
end;

