data;
param nombreTypeRessource := 4;
param nombreJob := 90;
param job duree := 1 10 2 2 3 9 4 9 5 2 6 1 7 3 8 6 9 8 10 5 11 10 12 4 13 6 14 1 15 2 16 7 17 7 18 8 19 10 20 1 21 4 22 10 23 7 24 7 25 9 26 6 27 6 28 7 29 4 30 10 31 10 32 7 33 2 34 5 35 4 36 4 37 10 38 4 39 10 40 1 41 5 42 2 43 10 44 1 45 7 46 10 47 6 48 2 49 1 50 2 51 7 52 9 53 5 54 7 55 10 56 3 57 6 58 10 59 6 60 3 61 9 62 6 63 9 64 7 65 8 66 5 67 10 68 8 69 10 70 6 71 7 72 9 73 8 74 5 75 4 76 10 77 2 78 8 79 1 80 6 81 4 82 5 83 5 84 2 85 7 86 4 87 9 88 1 89 6 90 7;
param besoinRessource : 1 2 3 4 :=
                    1   3 4 7 2
                    2   2 1 3 2
                    3   4 4 0 2
                    4   2 7 9 2
                    5   4 7 2 2
                    6   3 1 9 2
                    7   2 4 10 2
                    8   4 4 10 1
                    9   4 5 3 2
                    10   4 7 9 2
                    11   3 1 9 2
                    12   1 7 4 1
                    13   1 6 5 1
                    14   2 2 10 2
                    15   1 2 9 2
                    16   4 5 4 2
                    17   3 4 6 2
                    18   3 1 0 2
                    19   4 1 10 1
                    20   1 4 2 2
                    21   3 3 4 2
                    22   4 4 5 2
                    23   1 6 0 2
                    24   4 5 9 1
                    25   4 5 7 1
                    26   4 5 2 1
                    27   2 8 9 2
                    28   4 2 8 1
                    29   2 5 4 2
                    30   1 7 2 2
                    31   4 4 4 1
                    32   3 5 9 1
                    33   4 5 6 2
                    34   4 3 10 1
                    35   4 8 10 1
                    36   1 1 2 2
                    37   3 3 10 2
                    38   1 3 2 2
                    39   3 7 5 1
                    40   2 7 7 1
                    41   2 4 0 2
                    42   1 1 4 1
                    43   4 6 3 1
                    44   1 1 0 1
                    45   1 4 10 2
                    46   2 1 9 2
                    47   4 2 5 2
                    48   1 7 1 2
                    49   4 1 9 2
                    50   3 4 5 1
                    51   2 6 0 2
                    52   1 2 0 1
                    53   1 3 3 2
                    54   2 2 0 1
                    55   1 6 2 1
                    56   1 2 4 1
                    57   4 6 0 1
                    58   1 3 3 1
                    59   2 4 6 2
                    60   3 5 6 1
                    61   1 3 6 1
                    62   2 8 0 2
                    63   3 2 4 2
                    64   4 3 9 2
                    65   1 2 9 1
                    66   4 5 3 2
                    67   4 7 9 1
                    68   2 1 0 2
                    69   3 3 5 1
                    70   3 2 4 1
                    71   1 8 3 2
                    72   1 3 4 2
                    73   4 1 4 1
                    74   2 7 4 1
                    75   1 7 3 1
                    76   4 4 6 1
                    77   1 6 1 2
                    78   2 1 9 1
                    79   4 3 6 2
                    80   2 3 8 1
                    81   1 4 9 1
                    82   4 6 1 2
                    83   2 1 7 2
                    84   3 3 3 1
                    85   1 4 6 1
                    86   2 1 10 1
                    87   2 4 7 1
                    88   1 2 3 1
                    89   1 7 1 2
                    90   2 2 1 2;
param nombreMachine := 5;
param capaciteRessource : 1 2 3 4 :=
                    1     8 13 18 4
                    2     6 16 13 7
                    3     6 14 12 6
                    4     7 10 14 6
                    5     7 13 17 6
end;

