data;
param nombreTypeRessource := 4;
param nombreJob := 90;
param job duree := 1 8 2 6 3 6 4 2 5 1 6 7 7 4 8 4 9 8 10 5 11 1 12 8 13 6 14 5 15 10 16 9 17 9 18 2 19 5 20 6 21 6 22 4 23 5 24 3 25 4 26 6 27 7 28 6 29 5 30 8 31 1 32 6 33 4 34 5 35 2 36 9 37 2 38 9 39 6 40 10 41 7 42 8 43 2 44 4 45 9 46 10 47 4 48 3 49 5 50 9 51 7 52 2 53 9 54 6 55 6 56 9 57 1 58 10 59 5 60 8 61 2 62 9 63 8 64 8 65 2 66 5 67 6 68 8 69 6 70 6 71 7 72 3 73 4 74 5 75 2 76 6 77 1 78 4 79 4 80 2 81 4 82 10 83 6 84 7 85 9 86 4 87 4 88 7 89 9 90 4;
param besoinRessource : 1 2 3 4 :=
                    1   4 5 1 2
                    2   1 6 4 1
                    3   4 7 4 1
                    4   4 3 5 1
                    5   4 4 2 1
                    6   4 4 6 2
                    7   3 3 9 1
                    8   3 6 5 1
                    9   2 5 10 1
                    10   3 2 6 2
                    11   2 6 2 2
                    12   2 4 7 2
                    13   2 2 9 1
                    14   1 8 0 2
                    15   2 6 5 1
                    16   4 5 8 1
                    17   2 6 3 2
                    18   1 2 4 2
                    19   1 6 7 2
                    20   4 3 10 1
                    21   2 7 3 1
                    22   4 2 0 1
                    23   3 7 8 2
                    24   3 3 8 1
                    25   4 4 4 2
                    26   2 4 2 1
                    27   4 2 3 1
                    28   1 6 6 1
                    29   4 8 5 2
                    30   1 2 3 1
                    31   3 2 7 1
                    32   2 3 2 1
                    33   4 8 9 2
                    34   2 6 10 1
                    35   4 5 3 2
                    36   3 7 8 1
                    37   4 8 2 1
                    38   1 7 2 2
                    39   4 2 1 1
                    40   2 2 6 2
                    41   4 4 1 2
                    42   4 7 3 1
                    43   3 2 7 1
                    44   1 1 8 2
                    45   1 7 10 2
                    46   3 6 6 2
                    47   3 3 8 2
                    48   4 4 6 2
                    49   2 3 6 1
                    50   3 8 6 2
                    51   4 6 9 2
                    52   2 6 6 1
                    53   3 5 0 1
                    54   4 4 0 2
                    55   1 3 0 1
                    56   1 6 8 2
                    57   4 6 0 2
                    58   4 5 6 2
                    59   3 2 6 2
                    60   1 3 10 1
                    61   1 6 3 2
                    62   2 2 4 1
                    63   2 4 5 2
                    64   3 6 4 1
                    65   2 8 9 2
                    66   1 7 10 2
                    67   4 8 5 2
                    68   4 7 5 2
                    69   3 3 6 1
                    70   2 6 5 2
                    71   1 6 3 2
                    72   1 1 4 1
                    73   1 3 8 2
                    74   2 7 4 2
                    75   2 7 2 1
                    76   3 4 6 2
                    77   3 5 10 2
                    78   4 7 2 2
                    79   1 4 5 1
                    80   2 5 10 2
                    81   4 1 4 1
                    82   4 3 9 2
                    83   4 8 8 2
                    84   3 7 2 1
                    85   3 4 2 1
                    86   4 3 8 1
                    87   2 5 4 2
                    88   3 6 8 1
                    89   4 2 1 1
                    90   1 1 3 2;
param nombreMachine := 5;
param capaciteRessource : 1 2 3 4 :=
                    1     7 13 15 8
                    2     8 10 13 4
                    3     8 11 15 6
                    4     7 14 13 4
                    5     7 12 13 5
end;

