data;
param nombreTypeRessource := 4;
param nombreJob := 90;
param job duree := 1 6 2 1 3 5 4 4 5 9 6 8 7 7 8 6 9 8 10 9 11 3 12 7 13 5 14 6 15 6 16 2 17 7 18 9 19 9 20 7 21 1 22 6 23 9 24 8 25 4 26 6 27 2 28 7 29 2 30 6 31 9 32 7 33 2 34 10 35 4 36 7 37 10 38 10 39 4 40 3 41 9 42 9 43 10 44 6 45 9 46 10 47 10 48 6 49 5 50 2 51 6 52 2 53 5 54 6 55 4 56 10 57 6 58 10 59 8 60 6 61 10 62 6 63 9 64 4 65 8 66 3 67 1 68 2 69 9 70 4 71 6 72 6 73 8 74 2 75 6 76 8 77 2 78 9 79 1 80 10 81 2 82 7 83 3 84 5 85 1 86 4 87 8 88 8 89 1 90 2;
param besoinRessource : 1 2 3 4 :=
                    1   3 6 7 2
                    2   2 4 4 1
                    3   3 3 4 1
                    4   4 3 7 1
                    5   2 4 5 2
                    6   1 5 6 1
                    7   1 4 5 2
                    8   4 6 1 2
                    9   4 3 2 2
                    10   4 7 10 1
                    11   3 4 9 2
                    12   3 3 9 2
                    13   3 3 5 1
                    14   4 7 8 2
                    15   1 1 0 2
                    16   3 2 2 2
                    17   1 7 4 1
                    18   3 5 5 2
                    19   3 6 2 2
                    20   1 3 8 1
                    21   3 6 9 1
                    22   2 1 5 2
                    23   4 5 5 1
                    24   3 2 0 2
                    25   1 3 7 2
                    26   2 1 1 1
                    27   3 2 7 1
                    28   4 4 4 2
                    29   1 1 4 1
                    30   4 8 4 2
                    31   1 5 6 2
                    32   2 7 10 2
                    33   3 4 9 1
                    34   3 7 7 1
                    35   3 3 0 1
                    36   2 2 7 2
                    37   4 7 2 1
                    38   4 8 10 2
                    39   4 7 3 1
                    40   3 4 1 1
                    41   4 7 10 2
                    42   3 6 2 2
                    43   1 3 1 1
                    44   1 8 4 2
                    45   3 3 1 1
                    46   2 7 2 1
                    47   2 7 7 2
                    48   4 7 1 1
                    49   2 4 4 2
                    50   3 4 2 2
                    51   1 4 6 2
                    52   1 1 2 2
                    53   1 6 5 2
                    54   4 2 10 1
                    55   4 8 9 1
                    56   2 4 8 1
                    57   1 1 6 2
                    58   2 1 8 2
                    59   3 4 8 1
                    60   2 5 5 2
                    61   2 6 5 2
                    62   4 7 2 2
                    63   2 6 7 1
                    64   1 1 2 2
                    65   1 4 1 1
                    66   2 8 7 1
                    67   3 7 4 1
                    68   3 7 9 2
                    69   4 2 9 1
                    70   4 6 6 2
                    71   4 5 7 1
                    72   2 4 9 1
                    73   4 7 2 1
                    74   1 8 2 1
                    75   2 6 6 2
                    76   1 5 8 2
                    77   1 2 8 1
                    78   1 5 0 1
                    79   1 3 2 1
                    80   4 6 0 2
                    81   3 6 2 1
                    82   2 1 5 2
                    83   4 6 10 1
                    84   1 7 10 2
                    85   3 6 10 1
                    86   1 2 3 1
                    87   3 5 7 1
                    88   1 5 1 1
                    89   4 7 3 2
                    90   1 2 8 2;
param nombreMachine := 5;
param capaciteRessource : 1 2 3 4 :=
                    1     7 13 19 4
                    2     7 10 14 5
                    3     6 10 19 8
                    4     8 13 20 8
                    5     8 16 15 6
end;

