data;
param nombreTypeRessource := 4;
param nombreJob := 90;
param job duree := 1 7 2 1 3 8 4 9 5 6 6 1 7 6 8 10 9 7 10 2 11 6 12 9 13 8 14 5 15 5 16 2 17 8 18 4 19 1 20 9 21 6 22 4 23 5 24 5 25 2 26 9 27 9 28 10 29 6 30 7 31 6 32 3 33 3 34 1 35 3 36 5 37 3 38 1 39 4 40 9 41 9 42 6 43 9 44 6 45 6 46 8 47 10 48 6 49 7 50 3 51 6 52 9 53 2 54 2 55 3 56 8 57 9 58 8 59 3 60 2 61 6 62 9 63 1 64 2 65 2 66 1 67 4 68 4 69 9 70 7 71 2 72 2 73 6 74 1 75 1 76 6 77 3 78 5 79 9 80 2 81 6 82 9 83 2 84 8 85 2 86 4 87 5 88 10 89 7 90 5;
param besoinRessource : 1 2 3 4 :=
                    1   4 7 9 2
                    2   2 3 6 1
                    3   1 6 0 1
                    4   3 6 7 1
                    5   2 7 9 2
                    6   3 1 10 2
                    7   1 3 10 2
                    8   1 4 8 1
                    9   2 1 9 1
                    10   2 6 7 1
                    11   4 8 3 2
                    12   1 1 8 2
                    13   3 8 4 2
                    14   3 7 7 2
                    15   2 1 6 1
                    16   3 8 5 1
                    17   1 7 2 1
                    18   1 4 10 1
                    19   2 8 1 2
                    20   1 7 6 2
                    21   3 4 1 2
                    22   1 1 9 2
                    23   3 7 6 2
                    24   2 5 9 2
                    25   4 2 4 2
                    26   2 1 1 1
                    27   2 2 7 1
                    28   1 8 1 2
                    29   2 3 9 2
                    30   4 4 0 2
                    31   3 8 9 1
                    32   4 1 9 1
                    33   1 8 10 1
                    34   4 8 8 1
                    35   1 2 4 1
                    36   2 7 9 1
                    37   1 7 1 2
                    38   2 8 0 2
                    39   3 7 1 2
                    40   1 1 6 2
                    41   2 4 0 1
                    42   2 1 5 1
                    43   3 8 6 2
                    44   2 6 6 2
                    45   1 3 7 1
                    46   4 7 10 2
                    47   3 8 0 1
                    48   2 8 9 1
                    49   4 2 3 2
                    50   1 2 4 1
                    51   4 2 4 1
                    52   2 1 2 1
                    53   4 3 0 2
                    54   4 7 4 2
                    55   4 8 4 2
                    56   3 7 5 2
                    57   3 5 8 2
                    58   2 6 8 2
                    59   3 5 1 1
                    60   2 2 4 2
                    61   4 8 1 1
                    62   2 6 5 1
                    63   3 2 6 2
                    64   1 2 4 1
                    65   3 8 5 1
                    66   4 2 3 1
                    67   1 5 6 2
                    68   4 3 10 1
                    69   2 3 6 1
                    70   4 5 6 2
                    71   3 8 6 2
                    72   4 3 10 2
                    73   2 3 1 1
                    74   4 2 3 1
                    75   4 7 1 2
                    76   3 4 5 2
                    77   3 5 2 2
                    78   2 2 8 1
                    79   1 3 8 1
                    80   1 7 5 1
                    81   4 8 7 2
                    82   3 8 3 1
                    83   4 5 2 1
                    84   2 4 3 1
                    85   2 2 8 2
                    86   2 8 7 2
                    87   3 7 0 1
                    88   1 3 7 2
                    89   3 1 8 2
                    90   2 8 3 1;
param nombreMachine := 5;
param capaciteRessource : 1 2 3 4 :=
                    1     8 10 14 5
                    2     6 15 12 6
                    3     6 10 16 7
                    4     7 12 17 5
                    5     7 10 19 8
end;

