data;
param nombreTypeRessource := 4;
param nombreJob := 90;
param job duree := 1 9 2 8 3 1 4 10 5 4 6 7 7 9 8 10 9 4 10 5 11 4 12 10 13 1 14 2 15 9 16 3 17 7 18 5 19 2 20 4 21 2 22 1 23 1 24 1 25 1 26 1 27 1 28 6 29 5 30 9 31 6 32 7 33 3 34 8 35 5 36 10 37 6 38 2 39 3 40 6 41 6 42 5 43 7 44 7 45 10 46 8 47 8 48 9 49 5 50 7 51 2 52 7 53 8 54 3 55 1 56 7 57 8 58 6 59 7 60 6 61 8 62 9 63 6 64 1 65 10 66 9 67 8 68 5 69 1 70 3 71 6 72 9 73 9 74 6 75 6 76 5 77 3 78 4 79 5 80 6 81 3 82 5 83 4 84 10 85 2 86 4 87 6 88 10 89 10 90 6;
param besoinRessource : 1 2 3 4 :=
                    1   1 3 10 1
                    2   4 6 5 2
                    3   1 2 0 1
                    4   2 2 7 1
                    5   1 7 0 2
                    6   3 2 8 1
                    7   2 4 10 2
                    8   4 4 9 1
                    9   2 7 8 2
                    10   4 8 7 1
                    11   2 8 3 1
                    12   4 7 1 2
                    13   3 6 1 1
                    14   2 1 0 2
                    15   1 4 7 2
                    16   4 6 2 1
                    17   3 4 4 1
                    18   1 2 6 2
                    19   4 1 2 2
                    20   4 8 0 2
                    21   1 5 5 2
                    22   1 1 2 2
                    23   2 2 8 2
                    24   4 5 9 1
                    25   3 8 4 1
                    26   1 2 8 1
                    27   4 2 9 1
                    28   3 5 0 1
                    29   1 4 10 1
                    30   1 4 10 1
                    31   3 6 10 2
                    32   3 2 3 2
                    33   2 5 3 1
                    34   2 8 3 2
                    35   3 7 3 2
                    36   4 7 2 2
                    37   4 3 0 2
                    38   4 5 9 1
                    39   3 4 4 2
                    40   2 5 9 2
                    41   2 2 5 1
                    42   1 3 6 2
                    43   4 4 9 2
                    44   2 5 4 1
                    45   3 1 9 1
                    46   3 3 3 2
                    47   4 6 6 1
                    48   2 7 6 2
                    49   2 3 3 1
                    50   3 6 4 2
                    51   2 6 7 2
                    52   1 5 3 1
                    53   1 5 8 2
                    54   1 1 4 1
                    55   3 5 0 2
                    56   1 8 3 2
                    57   1 1 6 1
                    58   1 1 8 2
                    59   3 8 3 1
                    60   4 6 3 1
                    61   3 2 3 2
                    62   4 5 8 2
                    63   1 3 7 2
                    64   1 8 7 2
                    65   4 7 3 2
                    66   3 5 6 2
                    67   3 8 1 2
                    68   3 4 8 1
                    69   4 8 1 1
                    70   2 8 4 2
                    71   4 6 0 1
                    72   1 4 10 2
                    73   4 5 7 1
                    74   2 3 10 1
                    75   1 8 10 2
                    76   1 8 1 1
                    77   3 6 9 1
                    78   4 6 2 1
                    79   3 1 1 2
                    80   2 3 4 2
                    81   2 6 4 1
                    82   3 1 2 1
                    83   4 8 10 2
                    84   3 2 6 1
                    85   1 6 1 2
                    86   3 4 10 2
                    87   1 7 7 1
                    88   2 3 4 2
                    89   3 3 1 1
                    90   3 4 0 1;
param nombreMachine := 5;
param capaciteRessource : 1 2 3 4 :=
                    1     8 16 12 5
                    2     7 12 18 7
                    3     8 11 12 4
                    4     6 11 18 5
                    5     6 16 16 5
end;

