data;
param nombreTypeRessource := 4;
param nombreJob := 90;
param job duree := 1 6 2 5 3 5 4 4 5 2 6 7 7 6 8 10 9 9 10 1 11 3 12 4 13 8 14 9 15 3 16 7 17 8 18 8 19 7 20 6 21 5 22 9 23 10 24 2 25 9 26 3 27 7 28 2 29 4 30 6 31 2 32 9 33 8 34 10 35 9 36 10 37 3 38 6 39 8 40 1 41 1 42 2 43 1 44 8 45 7 46 9 47 2 48 2 49 6 50 1 51 3 52 8 53 1 54 2 55 5 56 2 57 7 58 1 59 3 60 3 61 3 62 3 63 2 64 3 65 3 66 3 67 7 68 1 69 8 70 10 71 7 72 1 73 2 74 7 75 2 76 1 77 5 78 7 79 7 80 8 81 7 82 6 83 8 84 2 85 2 86 9 87 9 88 9 89 2 90 5;
param besoinRessource : 1 2 3 4 :=
                    1   2 5 4 2
                    2   3 2 10 1
                    3   3 8 8 1
                    4   2 3 9 1
                    5   4 1 9 1
                    6   4 8 7 2
                    7   2 4 2 2
                    8   2 7 2 1
                    9   4 7 3 2
                    10   4 8 6 1
                    11   1 2 9 1
                    12   1 3 9 2
                    13   3 1 8 2
                    14   2 7 9 2
                    15   3 8 10 2
                    16   2 8 1 2
                    17   4 1 7 1
                    18   1 5 0 2
                    19   3 1 10 1
                    20   1 2 5 1
                    21   2 3 0 2
                    22   3 1 8 2
                    23   2 2 8 2
                    24   2 4 4 1
                    25   4 5 5 1
                    26   1 1 6 1
                    27   1 8 10 2
                    28   4 8 4 2
                    29   4 5 5 1
                    30   3 8 3 1
                    31   3 7 2 2
                    32   4 8 7 2
                    33   3 7 7 1
                    34   3 8 7 1
                    35   2 6 8 1
                    36   3 7 8 1
                    37   1 3 0 2
                    38   4 2 2 1
                    39   1 3 2 2
                    40   3 2 9 2
                    41   2 7 7 1
                    42   2 7 4 1
                    43   3 2 10 1
                    44   1 7 9 1
                    45   2 8 8 2
                    46   3 2 4 2
                    47   4 8 10 2
                    48   2 6 4 2
                    49   1 3 5 1
                    50   3 2 4 2
                    51   4 6 8 1
                    52   1 3 4 2
                    53   2 4 0 2
                    54   2 7 5 2
                    55   3 6 9 1
                    56   3 7 6 2
                    57   3 4 0 2
                    58   1 4 1 1
                    59   2 3 4 2
                    60   4 4 3 1
                    61   1 4 2 2
                    62   3 7 8 1
                    63   1 6 2 2
                    64   1 8 2 2
                    65   2 4 7 2
                    66   2 7 4 2
                    67   2 6 5 1
                    68   3 8 4 2
                    69   2 1 8 2
                    70   1 3 4 2
                    71   4 4 6 1
                    72   4 3 8 2
                    73   3 8 4 2
                    74   4 5 6 2
                    75   2 8 9 2
                    76   4 4 10 1
                    77   3 4 10 1
                    78   1 7 6 2
                    79   1 5 6 2
                    80   2 7 5 2
                    81   3 8 3 2
                    82   2 5 8 1
                    83   4 5 1 1
                    84   1 8 5 2
                    85   1 4 2 1
                    86   1 6 6 1
                    87   2 8 5 2
                    88   4 4 7 1
                    89   2 6 1 1
                    90   2 7 4 1;
param nombreMachine := 5;
param capaciteRessource : 1 2 3 4 :=
                    1     7 13 18 5
                    2     7 16 20 8
                    3     7 12 15 7
                    4     7 15 14 7
                    5     6 15 13 4
end;

