data;
param nombreTypeRessource := 4;
param nombreJob := 90;
param job duree := 1 8 2 6 3 2 4 1 5 10 6 7 7 7 8 5 9 8 10 4 11 1 12 5 13 10 14 3 15 3 16 6 17 8 18 4 19 1 20 8 21 6 22 6 23 2 24 1 25 3 26 7 27 9 28 10 29 3 30 10 31 5 32 6 33 3 34 10 35 3 36 7 37 8 38 6 39 10 40 10 41 6 42 7 43 5 44 3 45 5 46 10 47 2 48 10 49 8 50 4 51 1 52 9 53 2 54 3 55 8 56 3 57 9 58 4 59 1 60 3 61 8 62 7 63 6 64 5 65 8 66 10 67 1 68 4 69 4 70 7 71 3 72 1 73 6 74 8 75 4 76 1 77 10 78 9 79 1 80 2 81 9 82 4 83 3 84 2 85 6 86 3 87 8 88 2 89 4 90 7;
param besoinRessource : 1 2 3 4 :=
                    1   1 1 9 1
                    2   3 4 6 1
                    3   3 4 9 1
                    4   2 3 9 1
                    5   3 6 0 1
                    6   2 6 8 1
                    7   1 3 3 2
                    8   4 8 1 2
                    9   2 4 0 1
                    10   2 6 3 1
                    11   1 1 0 1
                    12   3 8 7 2
                    13   3 2 3 2
                    14   4 5 6 1
                    15   2 5 7 2
                    16   2 7 6 2
                    17   4 8 0 2
                    18   4 6 1 1
                    19   4 3 10 2
                    20   4 4 1 2
                    21   1 5 1 2
                    22   2 5 9 2
                    23   1 4 4 2
                    24   3 4 10 2
                    25   2 7 3 1
                    26   3 6 3 1
                    27   1 3 10 1
                    28   2 7 6 2
                    29   2 8 4 1
                    30   3 7 5 1
                    31   3 5 2 1
                    32   4 7 9 2
                    33   3 1 2 1
                    34   4 5 9 1
                    35   1 2 9 2
                    36   1 2 10 2
                    37   2 5 2 2
                    38   1 7 0 2
                    39   4 5 10 1
                    40   4 7 6 1
                    41   4 2 6 2
                    42   3 5 5 2
                    43   4 5 4 2
                    44   1 4 9 1
                    45   2 6 9 1
                    46   2 3 2 2
                    47   1 1 2 1
                    48   3 7 0 1
                    49   2 8 2 1
                    50   1 4 5 1
                    51   4 8 9 1
                    52   4 6 10 2
                    53   1 8 4 1
                    54   2 1 6 1
                    55   1 1 5 1
                    56   2 4 3 1
                    57   3 1 4 2
                    58   1 3 2 1
                    59   2 6 9 1
                    60   3 7 5 1
                    61   3 3 1 2
                    62   1 7 0 1
                    63   2 5 4 2
                    64   3 1 0 2
                    65   2 6 1 2
                    66   4 6 2 2
                    67   1 6 0 2
                    68   1 2 1 1
                    69   1 1 4 1
                    70   2 4 6 1
                    71   4 4 3 2
                    72   3 5 7 1
                    73   4 5 5 2
                    74   3 2 9 1
                    75   3 6 8 2
                    76   3 6 6 2
                    77   3 8 8 1
                    78   1 4 3 1
                    79   1 6 5 2
                    80   1 8 0 1
                    81   2 5 3 2
                    82   2 6 1 2
                    83   3 4 7 2
                    84   4 6 10 2
                    85   1 8 6 2
                    86   2 1 4 2
                    87   2 3 7 2
                    88   2 1 3 1
                    89   4 2 7 2
                    90   4 7 2 2;
param nombreMachine := 5;
param capaciteRessource : 1 2 3 4 :=
                    1     7 11 20 8
                    2     7 12 17 6
                    3     6 10 12 5
                    4     8 14 14 7
                    5     6 14 15 7
end;

