data;
param nombreTypeRessource := 4;
param nombreJob := 90;
param job duree := 1 7 2 6 3 3 4 6 5 8 6 2 7 2 8 4 9 1 10 2 11 4 12 6 13 4 14 5 15 4 16 1 17 8 18 8 19 8 20 5 21 8 22 4 23 9 24 9 25 7 26 5 27 7 28 6 29 2 30 10 31 8 32 7 33 1 34 10 35 6 36 10 37 9 38 5 39 8 40 1 41 5 42 1 43 8 44 1 45 7 46 9 47 9 48 6 49 2 50 1 51 2 52 6 53 2 54 7 55 6 56 1 57 8 58 9 59 2 60 7 61 10 62 6 63 3 64 9 65 6 66 3 67 7 68 8 69 10 70 1 71 8 72 1 73 3 74 5 75 4 76 9 77 6 78 2 79 8 80 6 81 6 82 2 83 6 84 4 85 7 86 1 87 9 88 10 89 10 90 10;
param besoinRessource : 1 2 3 4 :=
                    1   2 2 7 1
                    2   2 6 9 2
                    3   3 8 10 1
                    4   3 3 2 1
                    5   3 8 4 2
                    6   4 4 0 2
                    7   3 5 6 2
                    8   1 1 0 2
                    9   1 5 5 1
                    10   1 2 9 1
                    11   1 6 3 1
                    12   4 8 6 1
                    13   3 6 6 2
                    14   1 1 9 1
                    15   1 7 4 2
                    16   1 4 1 2
                    17   2 1 3 1
                    18   2 1 2 2
                    19   4 3 2 1
                    20   1 5 0 2
                    21   2 4 8 1
                    22   1 7 0 1
                    23   4 5 5 2
                    24   2 8 1 1
                    25   1 6 2 2
                    26   1 5 3 2
                    27   3 2 8 2
                    28   2 1 8 1
                    29   1 4 1 2
                    30   1 5 6 2
                    31   1 7 3 2
                    32   4 5 8 2
                    33   1 3 6 2
                    34   3 5 7 1
                    35   2 1 6 2
                    36   1 6 8 2
                    37   3 6 0 2
                    38   4 6 7 2
                    39   4 5 7 2
                    40   3 5 5 1
                    41   1 6 8 1
                    42   1 3 1 2
                    43   1 3 6 2
                    44   4 5 7 1
                    45   4 6 9 2
                    46   3 7 3 1
                    47   2 2 4 2
                    48   3 7 3 1
                    49   1 8 3 1
                    50   1 7 5 2
                    51   4 7 7 1
                    52   2 2 2 1
                    53   2 7 6 2
                    54   3 4 4 1
                    55   4 4 2 2
                    56   1 2 8 1
                    57   1 7 1 2
                    58   2 1 9 1
                    59   1 5 7 1
                    60   4 1 5 2
                    61   1 5 4 1
                    62   4 6 10 2
                    63   2 8 1 2
                    64   4 4 10 1
                    65   2 1 3 1
                    66   3 4 3 2
                    67   4 7 3 1
                    68   1 3 10 1
                    69   1 2 4 1
                    70   2 4 0 1
                    71   4 3 10 1
                    72   2 3 5 2
                    73   2 4 1 2
                    74   1 1 2 1
                    75   2 4 1 2
                    76   2 2 9 2
                    77   4 5 3 2
                    78   2 2 3 1
                    79   2 3 2 2
                    80   2 4 10 2
                    81   3 3 9 1
                    82   1 4 1 2
                    83   2 1 6 2
                    84   1 2 2 2
                    85   2 6 0 1
                    86   1 4 6 2
                    87   4 5 6 2
                    88   4 7 10 1
                    89   3 5 2 2
                    90   3 7 8 2;
param nombreMachine := 5;
param capaciteRessource : 1 2 3 4 :=
                    1     6 12 12 6
                    2     6 10 16 5
                    3     8 10 16 8
                    4     7 10 12 8
                    5     7 13 18 8
end;

