data;
param nombreTypeRessource := 4;
param nombreJob := 90;
param job duree := 1 9 2 9 3 3 4 4 5 2 6 1 7 1 8 8 9 10 10 8 11 9 12 5 13 3 14 5 15 6 16 10 17 5 18 5 19 6 20 1 21 4 22 2 23 6 24 10 25 8 26 5 27 10 28 2 29 10 30 7 31 9 32 5 33 9 34 9 35 5 36 6 37 2 38 4 39 6 40 3 41 5 42 10 43 6 44 6 45 2 46 3 47 1 48 9 49 7 50 8 51 8 52 10 53 2 54 9 55 10 56 9 57 6 58 8 59 8 60 9 61 7 62 9 63 1 64 9 65 5 66 5 67 1 68 7 69 2 70 7 71 1 72 7 73 10 74 2 75 8 76 2 77 3 78 10 79 3 80 2 81 1 82 3 83 2 84 2 85 2 86 1 87 3 88 5 89 3 90 8;
param besoinRessource : 1 2 3 4 :=
                    1   2 8 10 2
                    2   1 1 1 2
                    3   4 2 2 1
                    4   1 6 1 1
                    5   1 4 10 1
                    6   2 1 4 1
                    7   3 5 5 1
                    8   4 4 8 1
                    9   4 3 0 1
                    10   3 5 4 2
                    11   3 2 1 1
                    12   2 1 6 1
                    13   4 2 8 2
                    14   3 5 3 2
                    15   2 1 10 2
                    16   3 3 4 1
                    17   2 2 6 1
                    18   2 6 0 1
                    19   1 5 7 1
                    20   3 4 2 1
                    21   1 5 3 2
                    22   4 5 4 2
                    23   1 6 7 1
                    24   1 4 4 1
                    25   2 7 4 2
                    26   3 2 9 2
                    27   4 4 4 2
                    28   3 5 5 2
                    29   1 3 5 2
                    30   4 4 8 1
                    31   1 8 9 2
                    32   4 3 2 2
                    33   3 5 1 2
                    34   1 1 8 2
                    35   3 7 1 2
                    36   2 7 0 2
                    37   4 6 8 2
                    38   2 5 9 1
                    39   2 3 0 2
                    40   1 6 8 1
                    41   1 3 7 2
                    42   3 2 0 1
                    43   4 4 9 1
                    44   3 8 10 2
                    45   2 8 2 2
                    46   1 3 8 1
                    47   2 5 0 1
                    48   2 6 6 2
                    49   2 5 4 1
                    50   2 5 8 2
                    51   2 1 9 2
                    52   3 6 1 2
                    53   1 6 9 2
                    54   3 2 3 2
                    55   2 8 4 2
                    56   3 5 1 2
                    57   1 2 3 2
                    58   1 3 9 2
                    59   3 7 0 1
                    60   1 5 1 1
                    61   1 7 7 1
                    62   2 7 7 1
                    63   4 1 1 2
                    64   4 4 9 2
                    65   3 5 10 1
                    66   3 8 9 2
                    67   1 6 5 2
                    68   3 8 0 2
                    69   1 2 1 1
                    70   2 4 6 2
                    71   1 8 6 2
                    72   2 5 0 2
                    73   4 2 5 2
                    74   2 5 9 1
                    75   2 3 9 2
                    76   2 8 1 1
                    77   4 4 1 1
                    78   1 4 3 1
                    79   2 5 6 1
                    80   4 7 0 2
                    81   3 4 7 1
                    82   4 5 10 1
                    83   1 8 9 2
                    84   1 2 3 1
                    85   1 2 3 1
                    86   4 8 1 1
                    87   3 6 6 2
                    88   2 7 7 2
                    89   3 5 5 1
                    90   2 1 7 2;
param nombreMachine := 5;
param capaciteRessource : 1 2 3 4 :=
                    1     6 10 17 5
                    2     6 13 19 4
                    3     6 13 13 7
                    4     7 16 19 7
                    5     7 15 16 5
end;

