data;
param nombreTypeRessource := 4;
param nombreJob := 90;
param job duree := 1 9 2 3 3 5 4 4 5 6 6 4 7 2 8 5 9 10 10 7 11 8 12 5 13 7 14 9 15 7 16 1 17 7 18 6 19 6 20 8 21 6 22 1 23 5 24 9 25 4 26 5 27 1 28 10 29 8 30 5 31 5 32 9 33 3 34 8 35 3 36 4 37 8 38 4 39 1 40 10 41 10 42 1 43 3 44 2 45 3 46 5 47 6 48 3 49 10 50 3 51 9 52 10 53 5 54 1 55 6 56 3 57 5 58 2 59 2 60 6 61 6 62 1 63 4 64 1 65 9 66 2 67 6 68 7 69 6 70 1 71 4 72 3 73 2 74 3 75 5 76 9 77 3 78 2 79 10 80 8 81 10 82 7 83 6 84 2 85 7 86 10 87 1 88 1 89 9 90 10;
param besoinRessource : 1 2 3 4 :=
                    1   2 2 9 1
                    2   3 5 6 2
                    3   1 6 8 2
                    4   1 8 3 2
                    5   2 2 3 2
                    6   2 3 1 1
                    7   4 4 4 2
                    8   3 4 8 1
                    9   2 8 7 1
                    10   4 8 7 2
                    11   4 8 5 2
                    12   2 6 4 1
                    13   3 8 5 2
                    14   4 1 6 1
                    15   3 4 1 1
                    16   1 5 3 1
                    17   4 3 3 2
                    18   3 5 0 2
                    19   2 2 6 2
                    20   3 3 10 1
                    21   1 7 1 1
                    22   3 2 3 1
                    23   2 1 0 1
                    24   3 7 9 2
                    25   1 2 2 1
                    26   4 3 1 2
                    27   3 8 6 1
                    28   1 7 6 2
                    29   4 3 2 2
                    30   3 3 7 2
                    31   2 1 10 1
                    32   2 4 10 2
                    33   4 4 8 2
                    34   3 3 5 2
                    35   4 6 4 2
                    36   2 1 10 2
                    37   2 8 7 1
                    38   4 6 1 2
                    39   2 3 3 2
                    40   1 2 8 1
                    41   4 5 6 1
                    42   3 8 4 1
                    43   2 2 0 1
                    44   4 5 4 2
                    45   3 5 4 1
                    46   4 5 6 2
                    47   2 8 1 2
                    48   4 7 4 1
                    49   3 5 0 2
                    50   1 1 4 1
                    51   3 2 5 1
                    52   1 8 10 1
                    53   3 2 0 2
                    54   4 2 9 2
                    55   2 7 6 2
                    56   3 3 5 1
                    57   2 1 10 2
                    58   4 5 9 2
                    59   1 6 8 1
                    60   1 1 4 2
                    61   1 2 9 1
                    62   2 3 4 1
                    63   2 1 1 1
                    64   4 7 8 2
                    65   1 4 6 1
                    66   3 3 6 2
                    67   4 7 10 2
                    68   4 7 6 2
                    69   1 2 6 1
                    70   1 3 8 1
                    71   3 2 5 1
                    72   4 8 6 1
                    73   3 7 2 1
                    74   1 7 1 2
                    75   3 2 0 2
                    76   2 4 4 2
                    77   3 8 4 2
                    78   4 3 9 1
                    79   2 8 8 1
                    80   2 3 3 2
                    81   4 2 10 1
                    82   1 7 9 1
                    83   3 5 5 2
                    84   3 4 5 1
                    85   2 2 8 2
                    86   2 8 8 2
                    87   1 6 7 2
                    88   4 2 8 2
                    89   2 3 1 2
                    90   1 8 2 1;
param nombreMachine := 5;
param capaciteRessource : 1 2 3 4 :=
                    1     8 15 18 8
                    2     6 16 20 4
                    3     8 11 14 8
                    4     6 12 17 8
                    5     6 16 14 5
end;

