data;
param nombreTypeRessource := 4;
param nombreJob := 90;
param job duree := 1 7 2 8 3 8 4 4 5 6 6 5 7 10 8 2 9 2 10 4 11 7 12 4 13 8 14 3 15 3 16 8 17 9 18 4 19 4 20 8 21 8 22 7 23 9 24 1 25 1 26 7 27 10 28 9 29 7 30 2 31 2 32 1 33 6 34 6 35 3 36 3 37 6 38 7 39 6 40 8 41 8 42 4 43 7 44 4 45 4 46 7 47 5 48 4 49 3 50 6 51 10 52 1 53 1 54 2 55 1 56 1 57 6 58 4 59 2 60 6 61 3 62 2 63 2 64 1 65 4 66 10 67 2 68 5 69 10 70 8 71 2 72 8 73 8 74 7 75 1 76 10 77 1 78 8 79 4 80 7 81 6 82 4 83 1 84 1 85 1 86 6 87 8 88 9 89 1 90 1;
param besoinRessource : 1 2 3 4 :=
                    1   3 1 2 1
                    2   2 5 9 1
                    3   1 8 0 1
                    4   1 7 8 1
                    5   1 6 10 2
                    6   2 1 6 2
                    7   4 2 6 2
                    8   3 2 10 2
                    9   4 7 8 2
                    10   1 3 3 1
                    11   3 2 6 2
                    12   4 8 0 2
                    13   2 4 1 2
                    14   1 3 1 1
                    15   1 2 8 2
                    16   4 5 6 2
                    17   3 8 3 1
                    18   4 8 4 2
                    19   1 3 10 2
                    20   1 4 3 2
                    21   2 8 9 1
                    22   4 6 8 1
                    23   2 1 4 2
                    24   2 7 3 2
                    25   4 2 8 2
                    26   4 8 9 1
                    27   2 6 10 1
                    28   1 2 6 1
                    29   2 6 8 2
                    30   4 4 7 1
                    31   3 4 9 2
                    32   1 6 7 2
                    33   3 2 10 1
                    34   1 7 7 1
                    35   1 7 5 2
                    36   3 4 6 1
                    37   4 7 7 2
                    38   4 6 6 1
                    39   2 7 3 1
                    40   1 6 6 2
                    41   1 6 6 1
                    42   4 8 8 1
                    43   3 3 10 1
                    44   2 1 10 2
                    45   2 5 10 2
                    46   1 5 4 1
                    47   2 5 3 2
                    48   4 3 8 1
                    49   1 2 7 2
                    50   2 6 5 1
                    51   4 6 1 2
                    52   3 6 5 2
                    53   1 4 3 2
                    54   3 6 2 1
                    55   4 1 8 1
                    56   3 5 8 1
                    57   2 6 8 1
                    58   4 7 4 1
                    59   4 1 1 1
                    60   2 5 7 1
                    61   1 2 2 1
                    62   4 4 7 2
                    63   1 4 7 1
                    64   4 5 4 1
                    65   3 3 6 1
                    66   3 3 3 1
                    67   3 6 8 1
                    68   4 5 0 1
                    69   1 5 6 2
                    70   3 6 1 1
                    71   1 4 8 2
                    72   4 3 1 1
                    73   1 6 10 2
                    74   4 2 3 1
                    75   3 4 7 2
                    76   4 3 10 2
                    77   1 8 1 1
                    78   1 7 10 2
                    79   1 1 4 1
                    80   4 4 1 2
                    81   4 1 0 2
                    82   2 8 1 1
                    83   2 1 9 1
                    84   2 1 5 1
                    85   4 7 7 1
                    86   3 2 5 1
                    87   1 3 4 2
                    88   1 2 4 2
                    89   2 5 1 1
                    90   2 3 2 1;
param nombreMachine := 5;
param capaciteRessource : 1 2 3 4 :=
                    1     7 15 12 5
                    2     7 13 16 7
                    3     8 16 17 4
                    4     7 10 13 6
                    5     8 14 18 8
end;

