data;
param nombreTypeRessource := 4;
param nombreJob := 90;
param job duree := 1 2 2 6 3 2 4 2 5 5 6 2 7 6 8 7 9 5 10 9 11 1 12 3 13 10 14 5 15 1 16 9 17 3 18 3 19 7 20 8 21 3 22 9 23 10 24 8 25 1 26 1 27 3 28 2 29 1 30 5 31 10 32 6 33 3 34 10 35 2 36 6 37 2 38 2 39 1 40 5 41 9 42 8 43 4 44 9 45 6 46 8 47 7 48 10 49 9 50 8 51 7 52 10 53 6 54 9 55 7 56 10 57 6 58 8 59 7 60 1 61 6 62 6 63 9 64 10 65 7 66 8 67 3 68 2 69 3 70 2 71 6 72 5 73 10 74 5 75 5 76 1 77 10 78 8 79 2 80 5 81 8 82 4 83 7 84 2 85 3 86 9 87 9 88 1 89 5 90 6;
param besoinRessource : 1 2 3 4 :=
                    1   3 2 3 2
                    2   4 5 1 2
                    3   1 7 3 1
                    4   2 4 1 1
                    5   3 1 3 2
                    6   3 6 6 2
                    7   3 6 10 1
                    8   2 1 10 2
                    9   2 2 1 1
                    10   3 2 9 2
                    11   1 8 1 2
                    12   1 6 8 2
                    13   3 7 7 2
                    14   3 6 0 1
                    15   3 1 10 2
                    16   4 1 3 2
                    17   2 1 8 2
                    18   2 7 5 2
                    19   2 2 7 2
                    20   2 8 6 1
                    21   1 1 10 1
                    22   3 7 4 2
                    23   1 1 7 2
                    24   3 2 3 2
                    25   1 8 6 1
                    26   2 1 1 2
                    27   2 4 2 1
                    28   4 1 6 2
                    29   4 2 2 2
                    30   1 5 2 2
                    31   1 4 9 2
                    32   1 8 0 2
                    33   1 8 1 1
                    34   3 5 4 2
                    35   4 3 3 2
                    36   3 6 8 1
                    37   2 6 3 1
                    38   4 2 5 1
                    39   1 7 4 1
                    40   4 4 9 2
                    41   4 8 10 2
                    42   4 6 7 2
                    43   3 6 6 2
                    44   4 4 7 1
                    45   2 1 1 2
                    46   3 2 5 1
                    47   3 2 4 1
                    48   1 8 6 2
                    49   4 6 8 2
                    50   4 1 1 1
                    51   3 2 10 1
                    52   4 5 6 1
                    53   3 3 3 2
                    54   4 4 4 1
                    55   1 4 4 2
                    56   1 7 3 2
                    57   2 1 1 2
                    58   3 6 2 1
                    59   1 2 9 1
                    60   2 3 6 1
                    61   2 4 3 1
                    62   3 7 6 1
                    63   2 5 6 1
                    64   3 1 8 1
                    65   1 3 0 1
                    66   4 2 1 1
                    67   1 7 8 1
                    68   1 8 9 1
                    69   1 3 8 2
                    70   4 8 5 1
                    71   1 8 9 2
                    72   3 8 4 2
                    73   2 3 2 1
                    74   4 3 7 1
                    75   3 8 5 2
                    76   1 2 5 2
                    77   2 1 4 1
                    78   1 3 6 2
                    79   4 8 4 2
                    80   4 1 1 2
                    81   3 3 8 1
                    82   4 8 1 1
                    83   2 4 4 1
                    84   3 6 10 2
                    85   2 7 3 2
                    86   1 3 7 1
                    87   1 2 6 2
                    88   4 7 9 1
                    89   4 2 3 1
                    90   1 2 6 1;
param nombreMachine := 5;
param capaciteRessource : 1 2 3 4 :=
                    1     8 10 15 4
                    2     6 14 20 4
                    3     6 10 12 4
                    4     6 15 19 5
                    5     8 11 15 5
end;

