data;
param nombreTypeRessource := 4;
param nombreJob := 90;
param job duree := 1 6 2 3 3 3 4 4 5 9 6 3 7 10 8 2 9 4 10 2 11 6 12 3 13 8 14 6 15 7 16 8 17 5 18 10 19 3 20 9 21 10 22 9 23 9 24 5 25 7 26 8 27 2 28 5 29 1 30 6 31 2 32 7 33 6 34 9 35 8 36 10 37 5 38 8 39 4 40 10 41 7 42 2 43 7 44 7 45 9 46 9 47 3 48 7 49 5 50 9 51 3 52 9 53 5 54 10 55 4 56 10 57 8 58 7 59 5 60 9 61 2 62 8 63 3 64 2 65 3 66 5 67 3 68 1 69 9 70 1 71 1 72 4 73 5 74 7 75 2 76 2 77 7 78 5 79 9 80 7 81 7 82 5 83 6 84 6 85 6 86 10 87 2 88 9 89 6 90 5;
param besoinRessource : 1 2 3 4 :=
                    1   4 4 3 1
                    2   3 3 1 2
                    3   3 4 5 1
                    4   2 1 0 2
                    5   1 4 1 2
                    6   2 5 5 2
                    7   2 5 5 2
                    8   1 7 4 2
                    9   1 7 6 1
                    10   3 6 5 1
                    11   1 6 6 2
                    12   2 3 0 2
                    13   2 4 1 2
                    14   3 2 10 2
                    15   4 5 8 1
                    16   2 4 1 1
                    17   3 5 2 2
                    18   1 2 1 2
                    19   2 1 2 2
                    20   1 1 0 1
                    21   1 1 7 2
                    22   2 7 5 2
                    23   3 4 3 2
                    24   4 2 7 2
                    25   2 6 1 2
                    26   3 5 1 2
                    27   3 6 1 2
                    28   1 6 3 1
                    29   3 8 7 2
                    30   4 6 5 2
                    31   4 4 3 1
                    32   4 3 2 2
                    33   3 5 7 2
                    34   1 1 0 2
                    35   4 1 3 1
                    36   1 3 6 1
                    37   3 2 6 1
                    38   1 8 3 2
                    39   2 3 7 2
                    40   2 6 4 2
                    41   3 1 1 1
                    42   2 1 2 2
                    43   4 5 8 2
                    44   2 1 9 1
                    45   4 7 0 2
                    46   1 5 1 2
                    47   3 2 9 1
                    48   2 5 9 2
                    49   4 5 6 1
                    50   1 3 5 2
                    51   1 3 3 2
                    52   4 2 9 1
                    53   1 6 0 1
                    54   3 4 0 2
                    55   4 5 4 1
                    56   2 8 6 1
                    57   1 5 4 1
                    58   1 8 3 2
                    59   4 1 0 1
                    60   2 1 7 1
                    61   1 2 10 1
                    62   2 2 4 1
                    63   2 3 5 2
                    64   1 4 0 2
                    65   1 7 4 2
                    66   1 1 7 2
                    67   2 6 2 2
                    68   2 6 1 2
                    69   2 6 6 2
                    70   4 5 3 2
                    71   1 2 1 2
                    72   1 7 4 1
                    73   4 4 0 2
                    74   2 3 5 2
                    75   3 7 3 2
                    76   2 4 4 2
                    77   1 5 8 2
                    78   4 5 7 1
                    79   4 6 10 2
                    80   2 8 0 1
                    81   1 3 9 1
                    82   3 4 10 1
                    83   2 4 7 2
                    84   4 5 3 1
                    85   4 8 2 2
                    86   2 3 8 2
                    87   4 1 7 1
                    88   2 3 6 1
                    89   1 6 1 1
                    90   1 4 0 2;
param nombreMachine := 5;
param capaciteRessource : 1 2 3 4 :=
                    1     7 15 12 7
                    2     8 11 20 5
                    3     8 14 15 4
                    4     6 11 20 8
                    5     6 16 15 8
end;

