data;
param nombreTypeRessource := 4;
param nombreJob := 90;
param job duree := 1 9 2 2 3 7 4 3 5 5 6 2 7 2 8 9 9 4 10 6 11 7 12 10 13 9 14 3 15 4 16 9 17 10 18 7 19 2 20 1 21 7 22 5 23 9 24 7 25 8 26 8 27 3 28 8 29 9 30 3 31 1 32 3 33 5 34 8 35 3 36 6 37 10 38 1 39 1 40 2 41 10 42 6 43 9 44 6 45 4 46 7 47 2 48 6 49 2 50 4 51 8 52 7 53 7 54 4 55 4 56 7 57 8 58 2 59 10 60 1 61 6 62 4 63 8 64 8 65 8 66 5 67 5 68 4 69 3 70 2 71 2 72 8 73 8 74 7 75 3 76 3 77 6 78 2 79 5 80 8 81 3 82 5 83 4 84 4 85 8 86 9 87 9 88 7 89 5 90 2;
param besoinRessource : 1 2 3 4 :=
                    1   2 8 8 1
                    2   2 5 3 1
                    3   4 5 3 2
                    4   4 6 10 2
                    5   2 1 8 1
                    6   2 6 1 2
                    7   3 3 4 2
                    8   3 1 7 1
                    9   4 4 3 1
                    10   3 8 8 2
                    11   4 2 1 2
                    12   1 5 5 2
                    13   2 3 1 2
                    14   2 6 10 2
                    15   4 8 5 1
                    16   3 3 7 2
                    17   4 8 7 1
                    18   3 7 4 2
                    19   4 4 10 1
                    20   4 2 9 1
                    21   3 5 8 1
                    22   3 4 8 2
                    23   1 8 8 1
                    24   1 6 1 1
                    25   1 3 9 1
                    26   3 5 2 2
                    27   1 2 0 2
                    28   2 5 8 1
                    29   2 3 10 1
                    30   4 3 10 1
                    31   3 8 8 2
                    32   3 4 10 2
                    33   4 8 5 2
                    34   4 5 10 1
                    35   4 2 10 2
                    36   1 3 7 1
                    37   1 3 1 2
                    38   4 5 6 1
                    39   3 3 9 2
                    40   3 1 0 1
                    41   2 1 7 1
                    42   4 2 9 2
                    43   2 6 9 2
                    44   2 2 10 1
                    45   3 8 5 2
                    46   2 8 8 2
                    47   2 7 5 1
                    48   1 6 9 2
                    49   3 3 10 2
                    50   1 6 8 2
                    51   3 4 0 1
                    52   4 4 10 1
                    53   3 5 1 1
                    54   1 1 10 1
                    55   4 5 3 1
                    56   2 8 2 1
                    57   4 4 4 2
                    58   1 4 4 2
                    59   3 5 2 1
                    60   1 6 3 2
                    61   2 3 7 2
                    62   1 6 4 1
                    63   3 3 1 2
                    64   2 7 8 2
                    65   2 4 3 2
                    66   1 5 4 1
                    67   2 2 4 1
                    68   2 8 2 2
                    69   4 5 8 2
                    70   3 3 7 1
                    71   3 4 4 1
                    72   3 2 9 1
                    73   1 3 6 1
                    74   4 3 0 2
                    75   4 1 8 1
                    76   4 8 10 1
                    77   3 2 3 2
                    78   4 2 4 1
                    79   3 5 4 1
                    80   2 5 7 2
                    81   2 1 5 1
                    82   2 8 3 2
                    83   1 2 7 1
                    84   2 1 7 1
                    85   2 5 1 2
                    86   1 6 6 1
                    87   4 6 5 1
                    88   3 1 4 2
                    89   1 2 5 2
                    90   1 8 0 2;
param nombreMachine := 5;
param capaciteRessource : 1 2 3 4 :=
                    1     8 10 16 4
                    2     7 16 14 4
                    3     6 14 12 5
                    4     7 15 16 8
                    5     8 16 13 6
end;

