data;
param nombreTypeRessource := 4;
param nombreJob := 90;
param job duree := 1 10 2 8 3 10 4 6 5 1 6 5 7 7 8 1 9 1 10 3 11 9 12 2 13 7 14 4 15 3 16 10 17 1 18 1 19 4 20 3 21 8 22 3 23 5 24 8 25 7 26 1 27 1 28 10 29 7 30 3 31 2 32 3 33 9 34 6 35 5 36 1 37 10 38 1 39 7 40 4 41 9 42 2 43 1 44 4 45 3 46 9 47 9 48 5 49 4 50 8 51 2 52 4 53 8 54 9 55 6 56 6 57 6 58 6 59 6 60 6 61 4 62 7 63 1 64 10 65 1 66 7 67 8 68 3 69 5 70 10 71 6 72 1 73 3 74 6 75 8 76 8 77 7 78 6 79 10 80 3 81 10 82 9 83 6 84 3 85 4 86 4 87 6 88 6 89 8 90 4;
param besoinRessource : 1 2 3 4 :=
                    1   2 5 5 1
                    2   4 4 2 2
                    3   4 2 0 2
                    4   2 4 3 2
                    5   4 8 3 2
                    6   4 4 2 2
                    7   1 8 10 1
                    8   4 6 3 1
                    9   3 5 6 1
                    10   4 8 5 2
                    11   1 7 1 2
                    12   2 4 4 1
                    13   1 1 3 1
                    14   1 1 10 1
                    15   2 2 2 1
                    16   4 4 8 2
                    17   1 2 8 2
                    18   3 3 9 1
                    19   2 1 3 1
                    20   2 6 1 1
                    21   1 2 4 1
                    22   3 7 0 2
                    23   2 1 5 2
                    24   3 8 3 1
                    25   3 5 9 2
                    26   2 3 4 1
                    27   3 7 8 1
                    28   1 6 9 1
                    29   1 1 3 2
                    30   4 8 1 1
                    31   1 6 6 2
                    32   3 2 6 2
                    33   1 6 4 1
                    34   1 1 9 2
                    35   3 4 1 1
                    36   1 6 8 2
                    37   4 4 4 1
                    38   3 8 5 2
                    39   2 4 2 1
                    40   4 4 10 1
                    41   2 4 7 1
                    42   3 1 4 1
                    43   4 5 1 1
                    44   1 6 3 1
                    45   2 3 9 1
                    46   3 5 10 1
                    47   4 2 5 2
                    48   1 3 9 2
                    49   4 8 5 1
                    50   4 5 8 1
                    51   3 7 5 2
                    52   4 7 3 1
                    53   1 3 1 1
                    54   2 2 10 1
                    55   3 1 7 2
                    56   3 7 5 1
                    57   2 1 5 2
                    58   4 3 7 2
                    59   4 7 2 1
                    60   1 3 7 1
                    61   4 6 5 2
                    62   3 8 4 2
                    63   1 5 8 2
                    64   4 4 7 2
                    65   2 2 3 2
                    66   1 1 2 2
                    67   3 1 7 2
                    68   4 5 10 1
                    69   2 6 0 1
                    70   4 6 1 2
                    71   3 4 6 1
                    72   3 1 6 2
                    73   4 5 6 2
                    74   2 1 6 2
                    75   3 5 6 2
                    76   1 3 10 2
                    77   1 3 3 1
                    78   4 5 9 1
                    79   4 1 2 1
                    80   1 4 5 2
                    81   4 2 3 1
                    82   4 1 9 2
                    83   4 1 8 1
                    84   1 7 10 1
                    85   3 7 4 1
                    86   2 6 7 1
                    87   3 1 4 2
                    88   1 5 6 1
                    89   4 6 4 2
                    90   1 1 0 2;
param nombreMachine := 5;
param capaciteRessource : 1 2 3 4 :=
                    1     6 16 19 8
                    2     8 12 12 6
                    3     7 13 20 7
                    4     6 11 16 5
                    5     6 10 16 7
end;

