data;
param nombreTypeRessource := 4;
param nombreJob := 90;
param job duree := 1 10 2 2 3 6 4 5 5 9 6 1 7 3 8 8 9 1 10 6 11 9 12 9 13 10 14 7 15 9 16 2 17 6 18 6 19 10 20 4 21 1 22 6 23 10 24 4 25 8 26 10 27 1 28 8 29 7 30 7 31 2 32 2 33 10 34 5 35 6 36 6 37 7 38 2 39 1 40 4 41 9 42 10 43 7 44 4 45 7 46 6 47 2 48 2 49 7 50 8 51 9 52 8 53 7 54 2 55 9 56 6 57 6 58 5 59 9 60 8 61 9 62 4 63 6 64 3 65 1 66 2 67 5 68 10 69 8 70 2 71 3 72 7 73 1 74 9 75 9 76 3 77 5 78 1 79 3 80 5 81 9 82 10 83 2 84 10 85 5 86 4 87 8 88 4 89 6 90 5;
param besoinRessource : 1 2 3 4 :=
                    1   4 1 8 1
                    2   1 5 0 2
                    3   3 4 2 1
                    4   3 1 8 1
                    5   2 6 8 2
                    6   3 6 1 1
                    7   1 1 1 1
                    8   4 2 1 2
                    9   4 8 4 1
                    10   2 3 10 1
                    11   3 1 3 1
                    12   3 6 10 1
                    13   1 8 4 2
                    14   4 3 4 1
                    15   2 1 9 1
                    16   1 3 3 1
                    17   1 7 9 2
                    18   3 5 0 1
                    19   3 6 1 2
                    20   2 7 4 1
                    21   3 8 5 2
                    22   1 3 3 1
                    23   2 1 1 2
                    24   4 2 3 2
                    25   1 7 1 1
                    26   3 7 7 2
                    27   1 6 0 2
                    28   4 6 3 2
                    29   2 6 5 2
                    30   3 4 0 2
                    31   2 8 1 2
                    32   2 7 7 1
                    33   4 7 0 2
                    34   2 8 2 1
                    35   1 2 1 1
                    36   3 7 10 1
                    37   2 7 2 2
                    38   1 5 10 2
                    39   2 8 6 2
                    40   3 7 8 1
                    41   3 8 0 1
                    42   2 2 2 1
                    43   3 1 10 2
                    44   2 7 7 2
                    45   4 8 3 2
                    46   2 4 10 2
                    47   3 8 4 1
                    48   1 4 5 2
                    49   1 6 9 1
                    50   4 2 10 2
                    51   4 7 1 1
                    52   4 7 3 1
                    53   1 6 4 2
                    54   3 3 5 1
                    55   1 1 1 1
                    56   3 6 2 1
                    57   3 2 6 2
                    58   1 3 8 1
                    59   1 1 7 2
                    60   4 8 5 1
                    61   3 3 10 2
                    62   2 6 4 1
                    63   1 7 8 1
                    64   2 6 1 1
                    65   3 4 6 1
                    66   1 2 0 2
                    67   2 8 5 1
                    68   3 4 0 1
                    69   2 6 9 1
                    70   3 6 4 1
                    71   3 6 8 2
                    72   1 5 1 1
                    73   3 2 1 2
                    74   4 7 8 1
                    75   4 7 6 1
                    76   4 6 5 1
                    77   3 7 4 2
                    78   3 5 7 2
                    79   2 2 8 2
                    80   3 7 2 1
                    81   2 1 9 1
                    82   3 7 6 2
                    83   4 8 4 2
                    84   4 8 7 2
                    85   3 6 3 1
                    86   1 7 7 1
                    87   4 8 0 1
                    88   3 4 8 2
                    89   3 5 6 2
                    90   3 8 0 2;
param nombreMachine := 5;
param capaciteRessource : 1 2 3 4 :=
                    1     7 12 19 7
                    2     8 13 15 4
                    3     7 14 17 6
                    4     7 15 20 4
                    5     7 12 12 7
end;

