data;
param nombreTypeRessource := 4;
param nombreJob := 90;
param job duree := 1 3 2 4 3 4 4 8 5 2 6 10 7 3 8 4 9 7 10 1 11 5 12 1 13 10 14 2 15 7 16 10 17 6 18 5 19 5 20 8 21 1 22 7 23 5 24 1 25 10 26 8 27 8 28 1 29 9 30 6 31 10 32 1 33 10 34 5 35 1 36 3 37 2 38 7 39 7 40 7 41 3 42 7 43 10 44 1 45 9 46 8 47 9 48 8 49 4 50 2 51 2 52 5 53 4 54 3 55 7 56 8 57 2 58 6 59 5 60 2 61 4 62 9 63 3 64 5 65 10 66 1 67 1 68 1 69 4 70 1 71 3 72 8 73 4 74 6 75 2 76 8 77 8 78 4 79 3 80 1 81 5 82 6 83 10 84 9 85 5 86 6 87 2 88 10 89 8 90 3;
param besoinRessource : 1 2 3 4 :=
                    1   4 8 10 1
                    2   3 2 8 1
                    3   1 4 9 1
                    4   1 6 9 1
                    5   2 3 2 2
                    6   2 8 8 1
                    7   2 1 1 1
                    8   4 7 6 1
                    9   2 4 9 1
                    10   3 1 1 1
                    11   2 5 8 1
                    12   4 2 8 1
                    13   1 4 6 1
                    14   4 5 9 2
                    15   3 4 9 1
                    16   4 7 2 1
                    17   2 4 0 1
                    18   2 2 0 1
                    19   1 2 9 2
                    20   3 4 9 1
                    21   2 5 7 1
                    22   2 5 6 1
                    23   3 6 2 2
                    24   2 5 6 2
                    25   3 7 10 1
                    26   4 8 9 1
                    27   2 8 6 2
                    28   4 6 4 1
                    29   1 5 1 1
                    30   2 1 7 2
                    31   1 3 8 1
                    32   3 5 7 1
                    33   2 2 8 1
                    34   2 5 10 1
                    35   3 2 8 2
                    36   2 4 10 2
                    37   4 3 0 2
                    38   4 5 0 1
                    39   2 6 0 1
                    40   4 3 10 1
                    41   2 7 5 2
                    42   3 3 6 1
                    43   1 6 4 1
                    44   4 2 9 1
                    45   2 6 1 2
                    46   2 5 5 2
                    47   2 2 1 2
                    48   4 6 4 2
                    49   2 1 0 2
                    50   1 6 3 1
                    51   3 2 0 2
                    52   4 3 10 1
                    53   4 6 9 2
                    54   3 6 2 1
                    55   3 1 6 1
                    56   3 7 9 2
                    57   1 7 6 2
                    58   1 1 1 2
                    59   4 1 5 1
                    60   4 5 9 2
                    61   1 5 8 1
                    62   3 8 10 2
                    63   2 6 10 1
                    64   3 7 0 1
                    65   2 4 2 2
                    66   4 6 2 1
                    67   3 8 4 2
                    68   2 5 10 2
                    69   4 5 5 1
                    70   4 1 9 1
                    71   3 5 8 2
                    72   2 1 7 2
                    73   1 3 10 1
                    74   3 4 10 1
                    75   4 8 7 1
                    76   2 1 9 2
                    77   4 5 3 1
                    78   4 2 9 1
                    79   3 6 9 2
                    80   2 1 9 1
                    81   2 1 2 1
                    82   1 8 6 2
                    83   4 3 2 2
                    84   4 1 10 2
                    85   4 8 1 2
                    86   4 6 6 1
                    87   3 4 6 2
                    88   1 2 7 2
                    89   4 1 3 2
                    90   1 3 10 1;
param nombreMachine := 5;
param capaciteRessource : 1 2 3 4 :=
                    1     8 15 12 8
                    2     7 13 13 6
                    3     6 11 17 6
                    4     8 11 18 7
                    5     8 10 17 4
end;

