data;
param nombreTypeRessource := 4;
param nombreJob := 90;
param job duree := 1 6 2 7 3 5 4 4 5 3 6 4 7 7 8 3 9 1 10 5 11 3 12 3 13 7 14 9 15 10 16 6 17 10 18 5 19 3 20 9 21 4 22 5 23 10 24 2 25 5 26 8 27 4 28 2 29 9 30 3 31 4 32 3 33 10 34 3 35 1 36 5 37 4 38 1 39 5 40 8 41 4 42 8 43 1 44 7 45 5 46 5 47 7 48 4 49 4 50 8 51 1 52 5 53 7 54 1 55 2 56 2 57 10 58 9 59 7 60 8 61 10 62 1 63 7 64 5 65 4 66 7 67 6 68 10 69 3 70 8 71 7 72 10 73 4 74 10 75 3 76 10 77 9 78 8 79 1 80 5 81 5 82 6 83 10 84 2 85 6 86 10 87 6 88 3 89 8 90 5;
param besoinRessource : 1 2 3 4 :=
                    1   1 3 9 2
                    2   4 5 4 1
                    3   1 4 8 1
                    4   4 5 0 1
                    5   4 3 3 2
                    6   1 3 3 2
                    7   2 8 10 2
                    8   1 8 5 2
                    9   4 8 3 2
                    10   3 4 7 1
                    11   3 4 7 1
                    12   3 5 8 2
                    13   4 8 10 1
                    14   1 5 10 1
                    15   2 4 9 2
                    16   3 8 10 2
                    17   1 1 4 1
                    18   2 1 10 1
                    19   2 5 2 2
                    20   1 8 10 1
                    21   1 4 3 2
                    22   4 8 6 2
                    23   3 1 9 2
                    24   1 7 5 1
                    25   4 1 10 1
                    26   3 5 5 1
                    27   2 1 5 1
                    28   4 1 10 1
                    29   1 1 2 2
                    30   1 6 2 2
                    31   1 8 5 2
                    32   2 5 3 2
                    33   3 3 1 2
                    34   1 2 2 2
                    35   3 6 7 2
                    36   2 3 8 1
                    37   2 8 1 2
                    38   1 3 2 1
                    39   1 3 6 2
                    40   3 2 4 2
                    41   3 5 7 2
                    42   2 6 8 1
                    43   4 5 9 2
                    44   3 3 3 1
                    45   2 3 0 2
                    46   4 6 5 2
                    47   1 6 4 2
                    48   1 3 10 2
                    49   3 1 9 1
                    50   4 4 9 2
                    51   1 4 6 2
                    52   1 6 10 1
                    53   1 3 0 2
                    54   1 5 5 2
                    55   4 8 1 2
                    56   2 8 8 1
                    57   1 7 5 2
                    58   4 4 7 2
                    59   2 8 1 2
                    60   2 1 10 2
                    61   1 6 10 1
                    62   2 5 6 1
                    63   3 8 0 2
                    64   1 7 2 2
                    65   3 6 2 1
                    66   4 1 8 1
                    67   1 5 4 2
                    68   1 2 2 1
                    69   2 1 4 2
                    70   2 5 9 2
                    71   3 2 6 1
                    72   3 8 8 1
                    73   4 5 10 1
                    74   4 5 1 1
                    75   3 2 8 1
                    76   4 1 2 2
                    77   2 1 6 1
                    78   3 2 7 1
                    79   2 6 10 2
                    80   4 1 4 1
                    81   3 4 5 2
                    82   4 2 3 2
                    83   2 4 10 2
                    84   1 7 6 1
                    85   4 1 5 2
                    86   2 4 1 1
                    87   1 1 3 1
                    88   4 3 5 2
                    89   1 8 10 2
                    90   1 8 9 2;
param nombreMachine := 5;
param capaciteRessource : 1 2 3 4 :=
                    1     6 10 13 8
                    2     6 12 20 5
                    3     8 13 20 5
                    4     6 12 14 7
                    5     6 14 16 6
end;

