data;
param nombreTypeRessource := 4;
param nombreJob := 90;
param job duree := 1 7 2 4 3 4 4 1 5 5 6 6 7 6 8 1 9 10 10 7 11 3 12 6 13 9 14 10 15 7 16 4 17 3 18 2 19 3 20 9 21 9 22 8 23 5 24 5 25 9 26 5 27 8 28 6 29 9 30 7 31 2 32 3 33 5 34 4 35 10 36 4 37 7 38 10 39 10 40 5 41 2 42 8 43 6 44 5 45 8 46 1 47 9 48 7 49 4 50 1 51 3 52 5 53 6 54 9 55 8 56 8 57 2 58 4 59 4 60 7 61 9 62 7 63 8 64 7 65 4 66 7 67 6 68 8 69 2 70 3 71 10 72 8 73 10 74 1 75 10 76 7 77 4 78 3 79 2 80 4 81 7 82 2 83 4 84 2 85 8 86 9 87 9 88 4 89 9 90 10;
param besoinRessource : 1 2 3 4 :=
                    1   2 1 1 2
                    2   2 2 9 1
                    3   3 5 1 1
                    4   1 6 4 2
                    5   3 7 0 1
                    6   2 7 6 2
                    7   3 6 1 1
                    8   2 2 1 1
                    9   4 8 4 2
                    10   1 6 1 2
                    11   4 2 9 1
                    12   2 1 10 1
                    13   1 7 7 1
                    14   4 8 9 1
                    15   2 5 0 2
                    16   3 2 8 1
                    17   1 7 1 1
                    18   4 5 8 1
                    19   4 8 0 2
                    20   2 1 7 1
                    21   2 3 9 2
                    22   1 7 8 1
                    23   2 3 7 1
                    24   2 6 7 1
                    25   1 3 2 2
                    26   2 7 3 2
                    27   1 6 10 1
                    28   3 3 0 2
                    29   2 4 7 1
                    30   3 7 8 2
                    31   2 5 8 1
                    32   1 4 5 2
                    33   2 8 2 1
                    34   2 2 1 2
                    35   1 7 6 2
                    36   4 7 4 2
                    37   1 8 10 1
                    38   4 3 6 1
                    39   2 6 2 1
                    40   3 7 5 2
                    41   1 4 0 1
                    42   1 3 7 1
                    43   3 5 8 1
                    44   1 2 6 2
                    45   4 6 8 1
                    46   2 3 7 2
                    47   3 7 5 2
                    48   3 5 10 2
                    49   2 7 5 2
                    50   1 5 7 1
                    51   4 7 8 2
                    52   2 1 2 1
                    53   1 6 7 1
                    54   1 5 5 1
                    55   1 8 9 2
                    56   2 6 2 1
                    57   4 4 5 2
                    58   1 5 10 2
                    59   3 2 7 2
                    60   1 1 4 1
                    61   3 2 3 2
                    62   2 5 7 2
                    63   1 7 8 2
                    64   4 3 0 1
                    65   3 3 3 2
                    66   3 7 6 2
                    67   2 8 4 2
                    68   4 4 0 1
                    69   1 1 9 2
                    70   4 2 3 1
                    71   1 8 4 2
                    72   2 1 9 2
                    73   3 3 6 1
                    74   4 5 8 1
                    75   3 4 2 1
                    76   1 2 10 1
                    77   4 1 1 1
                    78   2 1 10 1
                    79   1 4 4 2
                    80   1 3 7 1
                    81   4 5 7 1
                    82   4 7 1 2
                    83   2 1 8 2
                    84   1 7 9 2
                    85   4 1 10 2
                    86   3 7 9 1
                    87   2 2 0 1
                    88   3 8 4 2
                    89   2 3 7 2
                    90   3 1 7 1;
param nombreMachine := 5;
param capaciteRessource : 1 2 3 4 :=
                    1     6 16 13 5
                    2     6 11 19 5
                    3     7 14 19 6
                    4     6 10 17 4
                    5     7 14 12 7
end;

