data;
param nombreTypeRessource := 4;
param nombreJob := 90;
param job duree := 1 1 2 3 3 7 4 7 5 10 6 3 7 2 8 7 9 2 10 10 11 5 12 9 13 4 14 9 15 8 16 2 17 5 18 7 19 7 20 3 21 9 22 2 23 6 24 9 25 10 26 2 27 7 28 3 29 9 30 1 31 6 32 2 33 7 34 9 35 7 36 8 37 3 38 9 39 4 40 5 41 8 42 6 43 7 44 9 45 9 46 3 47 4 48 6 49 1 50 10 51 4 52 10 53 10 54 7 55 9 56 9 57 2 58 3 59 2 60 1 61 3 62 8 63 4 64 2 65 9 66 9 67 2 68 5 69 9 70 3 71 10 72 7 73 5 74 4 75 10 76 7 77 10 78 2 79 8 80 9 81 8 82 2 83 1 84 1 85 2 86 6 87 6 88 8 89 7 90 10;
param besoinRessource : 1 2 3 4 :=
                    1   2 6 0 1
                    2   2 8 7 2
                    3   1 8 5 1
                    4   2 2 5 1
                    5   4 8 7 1
                    6   3 3 9 1
                    7   4 7 7 1
                    8   4 6 2 2
                    9   2 6 4 1
                    10   1 5 10 1
                    11   1 4 1 2
                    12   4 4 0 1
                    13   2 2 3 1
                    14   2 8 5 2
                    15   1 7 7 1
                    16   4 3 6 2
                    17   4 6 6 1
                    18   4 6 4 2
                    19   3 6 2 1
                    20   2 5 0 2
                    21   3 6 6 2
                    22   4 4 7 2
                    23   3 2 2 2
                    24   2 5 5 2
                    25   3 4 3 1
                    26   2 3 0 1
                    27   4 7 9 1
                    28   2 1 8 1
                    29   1 4 7 1
                    30   3 2 4 2
                    31   3 7 10 1
                    32   4 8 5 2
                    33   2 4 9 1
                    34   3 6 2 2
                    35   3 3 0 2
                    36   1 7 4 1
                    37   4 1 10 1
                    38   4 1 6 1
                    39   1 1 0 1
                    40   1 6 8 1
                    41   4 2 0 2
                    42   3 4 2 2
                    43   2 1 8 1
                    44   1 2 2 2
                    45   2 6 2 1
                    46   4 1 1 1
                    47   3 6 2 2
                    48   4 5 3 2
                    49   2 5 8 2
                    50   4 4 7 2
                    51   4 2 7 1
                    52   1 6 10 1
                    53   1 3 9 1
                    54   1 7 0 2
                    55   4 4 1 1
                    56   1 4 5 2
                    57   4 3 9 2
                    58   4 2 9 1
                    59   4 2 1 1
                    60   2 6 4 1
                    61   1 2 6 2
                    62   2 6 9 1
                    63   1 4 5 2
                    64   3 6 6 2
                    65   3 5 4 1
                    66   1 2 9 2
                    67   2 1 1 1
                    68   3 5 7 2
                    69   4 8 8 1
                    70   3 8 3 2
                    71   1 8 5 2
                    72   2 5 0 2
                    73   2 5 0 1
                    74   3 4 1 2
                    75   2 8 5 2
                    76   3 8 0 1
                    77   4 7 0 1
                    78   1 8 3 1
                    79   1 4 5 1
                    80   3 1 2 2
                    81   2 7 1 2
                    82   2 7 6 2
                    83   2 6 0 2
                    84   4 4 3 2
                    85   1 5 6 2
                    86   3 2 8 2
                    87   4 4 6 2
                    88   4 4 4 2
                    89   2 4 9 2
                    90   1 7 5 2;
param nombreMachine := 5;
param capaciteRessource : 1 2 3 4 :=
                    1     6 13 20 5
                    2     8 11 16 7
                    3     7 11 17 6
                    4     7 11 17 7
                    5     7 12 16 6
end;

